0|3|28||2|4|5||||"82712912"|"142473273"
0|6|23||5|40|75||||"82712912"|"142473274"
0|2|3||75|162|250||||"82712912"|"142473275"
0|3|9||2|4|5||||"82712910"|"142473269"
0|2|3||5|40|75||||"82712910"|"142473270"
0|3|23||2|4|5||||"82712911"|"142473271"
0|3|11||5|40|75||||"82712911"|"142473272"
0|6|40||2|4|5||||"82712913"|"142473276"
0|14|28||5|40|75||||"82712913"|"142473277"
0|2|3||75|162|250||||"82712913"|"142473278"
0|3|20||2|4|5||||"82712916"|"142473286"
15|40|45||5|40|75||||"82712916"|"142473287"
6|10|25||75|162|250||||"82712916"|"142473288"
0|1|1||250|625|1000||||"82712916"|"142473289"
0|3|27||2|4|5||||"82712914"|"142473279"
9|15|23||5|40|75||||"82712914"|"142473280"
3|6|13||75|162|250||||"82712914"|"142473281"
0|16|30||2|4|5||||"82712915"|"142473282"
9|16|38||5|40|75||||"82712915"|"142473283"
3|7|11||75|162|250||||"82712915"|"142473284"
0|0|1||250|625|1000||||"82712915"|"142473285"
0|2|3||2|4|5||||"82712917"|"142473290"
0|2|3||2|4|5||||"82712918"|"142473291"
0|2|3||2|4|5||||"82712919"|"142473292"
0|0|3||2|4|5||||"82712922"|"142473297"
0|0|3||5|40|75||||"82712922"|"142473298"
0|0|3||2|4|5||||"82712920"|"142473293"
0|0|3||5|40|75||||"82712920"|"142473294"
0|0|17||2|4|5||||"82712921"|"142473295"
0|0|11||5|40|75||||"82712921"|"142473296"
0|0|14||2|4|5||||"82712925"|"142473301"
0|0|6||5|40|75||||"82712925"|"142473302"
0|0|3||2|4|5||||"82712923"|"142473299"
0|0|3||2|4|5||||"82712924"|"142473300"
0|4|5||2|4|5||||"82713012"|"142473464"
0|1|1||75|162|250||||"82713012"|"142473465"
0|4|5||2|4|5||||"82713011"|"142473462"
0|1|1||75|162|250||||"82713011"|"142473463"
0|2|3||2|4|5||||"82713015"|"142473467"
0|2|3||2|4|5||||"82713016"|"142473468"
0|2|3||2|4|5||||"82713014"|"142473466"
0|0|5||2|4|5||||"82713017"|"142473469"
0|0|5||2|4|5||||"82713018"|"142473470"
0|0|5||2|4|5||||"82713019"|"142473471"
0|0|1||2|4|5||||"82713021"|"142473473"
0|0|1||2|4|5||||"82713022"|"142473474"
0|0|1||2|4|5||||"82713020"|"142473472"
0|4|5||2|4|5||||"82713024"|"142473477"
0|1|1||75|162|250||||"82713024"|"142473478"
0|4|5||2|4|5||||"82713023"|"142473475"
0|1|1||75|162|250||||"82713023"|"142473476"
0|2|3||2|4|5||||"82713026"|"142473479"
0|2|3||2|4|5||||"82713027"|"142473480"
0|2|3||2|4|5||||"82713028"|"142473481"
0|0|5||2|4|5||||"82713029"|"142473482"
0|0|5||2|4|5||||"82713031"|"142473484"
0|0|5||2|4|5||||"82713030"|"142473483"
0|0|1||2|4|5||||"82713032"|"142473485"
0|0|1||2|4|5||||"82713033"|"142473486"
0|0|1||2|4|5||||"82713034"|"142473487"
0|0|3||2|4|5||||"82713248"|"142474028"
0|0|3||2|4|5||||"82713249"|"142474029"
0|0|3||2|4|5||||"82713250"|"142474030"
0|2|3||2|4|5||||"82713314"|"142474179"
0|2|3||2|4|5||||"82713315"|"142474180"
0|2|3||2|4|5||||"82713316"|"142474181"
0|2|3||2|4|5||||"82713317"|"142474182"
0|2|3||2|4|5||||"82713318"|"142474183"
0|4|5||2|4|5||||"82713321"|"142474186"
0|1|1||75|162|250||||"82713321"|"142474187"
0|4|5||2|4|5||||"82713320"|"142474184"
0|1|1||75|162|250||||"82713320"|"142474185"
0|0|3||2|4|5||||"82713324"|"142474189"
0|0|3||2|4|5||||"82713323"|"142474188"
3|5|13||5|40|75||||"82713338"|"142474201"
0|2|16||2|4|5||||"82713338"|"142474202"
0|2|15||75|162|250||||"82713338"|"142474203"
0|1|1||250|625|1000||||"82713338"|"142474204"
0|0|23||2|4|5||||"82713339"|"142474205"
3|3|23||5|40|75||||"82713339"|"142474206"
0|2|15||75|162|250||||"82713339"|"142474207"
0|3|8||2|4|5||||"82713341"|"142474208"
0|3|5||5|40|75||||"82713341"|"142474209"
3|6|11||75|162|250||||"82713341"|"142474210"
0|1|1||250|625|1000||||"82713341"|"142474211"
0|12|24||2|4|5||||"82713342"|"142474212"
4|17|29||5|40|75||||"82713342"|"142474213"
9|19|28||75|162|250||||"82713342"|"142474214"
0|2|3||250|625|1000||||"82713342"|"142474215"
0|3|14||2|4|5||||"82713344"|"142474216"
0|3|11||5|40|75||||"82713344"|"142474217"
3|3|9||75|162|250||||"82713344"|"142474218"
0|4|26||2|4|5||||"82713347"|"142474223"
3|6|23||5|40|75||||"82713347"|"142474224"
0|1|6||75|162|250||||"82713347"|"142474225"
0|1|1||250|625|1000||||"82713347"|"142474226"
0|1|16||2|4|5||||"82713346"|"142474219"
9|9|24||5|40|75||||"82713346"|"142474220"
3|3|9||75|162|250||||"82713346"|"142474221"
1|1|3||250|625|1000||||"82713346"|"142474222"
0|2|14||2|4|5||||"82713349"|"142474227"
0|6|11||5|40|75||||"82713349"|"142474228"
0|2|3||75|162|250||||"82713349"|"142474229"
0|5|20||2|4|5||||"82713351"|"142474233"
22|40|40||5|40|75||||"82713351"|"142474234"
0|2|3||75|162|250||||"82713351"|"142474235"
0|10|37||2|4|5||||"82713350"|"142474230"
0|16|34||5|40|75||||"82713350"|"142474231"
0|2|3||75|162|250||||"82713350"|"142474232"
0|5|9||2|4|5||||"82713354"|"142474236"
2|6|9||5|40|75||||"82713354"|"142474237"
0|2|11||75|162|250||||"82713354"|"142474238"
0|1|1||250|625|1000||||"82713354"|"142474239"
0|5|9||2|4|5||||"82713355"|"142474240"
2|6|9||5|40|75||||"82713355"|"142474241"
0|7|14||75|162|250||||"82713355"|"142474242"
0|2|3||250|625|1000||||"82713355"|"142474243"
0|9|17||2|4|5||||"82713356"|"142474244"
2|8|14||5|40|75||||"82713356"|"142474245"
0|5|9||75|162|250||||"82713356"|"142474246"
0|2|3||250|625|1000||||"82713356"|"142474247"
3|5|13||5|40|75||||"82713358"|"142474248"
0|2|16||2|4|5||||"82713358"|"142474249"
0|2|15||75|162|250||||"82713358"|"142474250"
0|1|1||250|625|1000||||"82713358"|"142474251"
0|0|23||2|4|5||||"82713359"|"142474252"
3|3|23||5|40|75||||"82713359"|"142474253"
0|2|15||75|162|250||||"82713359"|"142474254"
0|3|8||2|4|5||||"82713361"|"142474255"
0|3|5||5|40|75||||"82713361"|"142474256"
3|6|11||75|162|250||||"82713361"|"142474257"
0|1|1||250|625|1000||||"82713361"|"142474258"
0|12|24||2|4|5||||"82713362"|"142474259"
4|17|29||5|40|75||||"82713362"|"142474260"
9|19|28||75|162|250||||"82713362"|"142474261"
0|2|3||250|625|1000||||"82713362"|"142474262"
0|3|14||2|4|5||||"82713364"|"142474263"
0|3|11||5|40|75||||"82713364"|"142474264"
3|3|9||75|162|250||||"82713364"|"142474265"
0|4|26||2|4|5||||"82713367"|"142474270"
3|6|23||5|40|75||||"82713367"|"142474271"
0|1|6||75|162|250||||"82713367"|"142474272"
0|1|1||250|625|1000||||"82713367"|"142474273"
0|1|16||2|4|5||||"82713366"|"142474266"
9|9|24||5|40|75||||"82713366"|"142474267"
3|3|9||75|162|250||||"82713366"|"142474268"
1|1|3||250|625|1000||||"82713366"|"142474269"
0|2|14||2|4|5||||"82713369"|"142474274"
0|6|11||5|40|75||||"82713369"|"142474275"
0|2|3||75|162|250||||"82713369"|"142474276"
0|5|20||2|4|5||||"82713371"|"142474280"
22|40|40||5|40|75||||"82713371"|"142474281"
0|2|3||75|162|250||||"82713371"|"142474282"
0|10|37||2|4|5||||"82713370"|"142474277"
0|16|34||5|40|75||||"82713370"|"142474278"
0|2|3||75|162|250||||"82713370"|"142474279"
0|5|9||2|4|5||||"82713374"|"142474283"
2|6|9||5|40|75||||"82713374"|"142474284"
0|2|11||75|162|250||||"82713374"|"142474285"
0|1|1||250|625|1000||||"82713374"|"142474286"
0|2|3||250|625|1000||||"82713375"|"142474287"
0|5|9||2|4|5||||"82713375"|"142474288"
2|6|9||5|40|75||||"82713375"|"142474289"
0|7|14||75|162|250||||"82713375"|"142474290"
0|9|17||2|4|5||||"82713376"|"142474291"
2|8|14||5|40|75||||"82713376"|"142474292"
0|5|9||75|162|250||||"82713376"|"142474293"
0|2|3||250|625|1000||||"82713376"|"142474294"
0|3|11||2|4|5||||"82713378"|"142474295"
3|6|11||5|40|75||||"82713378"|"142474296"
0|1|6||75|162|250||||"82713378"|"142474297"
0|0|1||250|625|1000||||"82713378"|"142474298"
0|3|20||2|4|5||||"82713380"|"142474303"
3|6|23||5|40|75||||"82713380"|"142474304"
0|3|6||75|162|250||||"82713380"|"142474305"
0|1|1||250|625|1000||||"82713380"|"142474306"
0|3|17||2|4|5||||"82713381"|"142474307"
3|6|17||5|40|75||||"82713381"|"142474308"
0|2|6||75|162|250||||"82713381"|"142474309"
0|1|1||250|625|1000||||"82713381"|"142474310"
0|6|31||2|4|5||||"82713379"|"142474299"
5|17|28||5|40|75||||"82713379"|"142474300"
0|3|6||75|162|250||||"82713379"|"142474301"
0|1|1||250|625|1000||||"82713379"|"142474302"
3|5|13||5|40|75||||"82713382"|"142474311"
0|2|16||2|4|5||||"82713382"|"142474312"
0|2|15||75|162|250||||"82713382"|"142474313"
0|1|1||250|625|1000||||"82713382"|"142474314"
0|0|23||2|4|5||||"82713383"|"142474315"
3|3|23||5|40|75||||"82713383"|"142474316"
0|2|15||75|162|250||||"82713383"|"142474317"
0|3|8||2|4|5||||"82713385"|"142474318"
0|3|5||5|40|75||||"82713385"|"142474319"
3|6|11||75|162|250||||"82713385"|"142474320"
0|1|1||250|625|1000||||"82713385"|"142474321"
0|12|24||2|4|5||||"82713386"|"142474322"
4|17|29||5|40|75||||"82713386"|"142474323"
9|19|28||75|162|250||||"82713386"|"142474324"
0|2|3||250|625|1000||||"82713386"|"142474325"
0|4|26||2|4|5||||"82713389"|"142474330"
3|6|23||5|40|75||||"82713389"|"142474331"
0|1|6||75|162|250||||"82713389"|"142474332"
0|1|1||250|625|1000||||"82713389"|"142474333"
0|3|14||2|4|5||||"82713388"|"142474326"
0|6|11||5|40|75||||"82713388"|"142474327"
0|1|3||75|162|250||||"82713388"|"142474328"
0|1|1||250|625|1000||||"82713388"|"142474329"
0|2|14||2|4|5||||"82713391"|"142474334"
0|6|11||5|40|75||||"82713391"|"142474335"
0|2|3||75|162|250||||"82713391"|"142474336"
0|5|20||2|4|5||||"82713393"|"142474340"
22|40|40||5|40|75||||"82713393"|"142474341"
0|2|3||75|162|250||||"82713393"|"142474342"
0|10|37||2|4|5||||"82713392"|"142474337"
0|16|34||5|40|75||||"82713392"|"142474338"
0|2|3||75|162|250||||"82713392"|"142474339"
0|5|9||2|4|5||||"82713395"|"142474343"
2|6|9||5|40|75||||"82713395"|"142474344"
0|2|11||75|162|250||||"82713395"|"142474345"
0|1|1||250|625|1000||||"82713395"|"142474346"
0|5|9||2|4|5||||"82713396"|"142474347"
2|6|9||5|40|75||||"82713396"|"142474348"
0|7|14||75|162|250||||"82713396"|"142474349"
0|2|3||250|625|1000||||"82713396"|"142474350"
0|9|17||2|4|5||||"82713397"|"142474351"
2|8|14||5|40|75||||"82713397"|"142474352"
0|5|9||75|162|250||||"82713397"|"142474353"
0|2|3||250|625|1000||||"82713397"|"142474354"
0|3|11||2|4|5||||"82713420"|"142474415"
3|6|11||5|40|75||||"82713420"|"142474416"
0|1|6||75|162|250||||"82713420"|"142474417"
0|0|1||250|625|1000||||"82713420"|"142474418"
0|3|20||2|4|5||||"82713422"|"142474423"
3|6|23||5|40|75||||"82713422"|"142474424"
0|3|6||75|162|250||||"82713422"|"142474425"
0|1|1||250|625|1000||||"82713422"|"142474426"
0|3|17||2|4|5||||"82713423"|"142474427"
3|6|17||5|40|75||||"82713423"|"142474428"
0|2|6||75|162|250||||"82713423"|"142474429"
0|1|1||250|625|1000||||"82713423"|"142474430"
0|6|31||2|4|5||||"82713421"|"142474419"
5|17|28||5|40|75||||"82713421"|"142474420"
0|3|6||75|162|250||||"82713421"|"142474421"
0|1|1||250|625|1000||||"82713421"|"142474422"
3|5|13||5|40|75||||"82713424"|"142474431"
0|2|16||2|4|5||||"82713424"|"142474432"
0|2|15||75|162|250||||"82713424"|"142474433"
0|1|1||250|625|1000||||"82713424"|"142474434"
0|0|23||2|4|5||||"82713425"|"142474435"
3|3|23||5|40|75||||"82713425"|"142474436"
0|2|15||75|162|250||||"82713425"|"142474437"
0|3|8||2|4|5||||"82713427"|"142474438"
0|3|5||5|40|75||||"82713427"|"142474439"
3|6|11||75|162|250||||"82713427"|"142474440"
0|1|1||250|625|1000||||"82713427"|"142474441"
0|12|24||2|4|5||||"82713428"|"142474442"
4|17|29||5|40|75||||"82713428"|"142474443"
9|19|28||75|162|250||||"82713428"|"142474444"
0|2|3||250|625|1000||||"82713428"|"142474445"
0|4|26||2|4|5||||"82713431"|"142474450"
3|6|23||5|40|75||||"82713431"|"142474451"
0|1|6||75|162|250||||"82713431"|"142474452"
0|1|1||250|625|1000||||"82713431"|"142474453"
0|1|16||2|4|5||||"82713430"|"142474446"
9|9|24||5|40|75||||"82713430"|"142474447"
3|3|9||75|162|250||||"82713430"|"142474448"
1|1|3||250|625|1000||||"82713430"|"142474449"
0|2|14||2|4|5||||"82713433"|"142474454"
0|6|11||5|40|75||||"82713433"|"142474455"
0|2|3||75|162|250||||"82713433"|"142474456"
0|5|20||2|4|5||||"82713435"|"142474460"
22|40|40||5|40|75||||"82713435"|"142474461"
0|2|3||75|162|250||||"82713435"|"142474462"
0|10|37||2|4|5||||"82713434"|"142474457"
0|16|34||5|40|75||||"82713434"|"142474458"
0|2|3||75|162|250||||"82713434"|"142474459"
0|5|9||2|4|5||||"82713437"|"142474463"
2|6|9||5|40|75||||"82713437"|"142474464"
0|2|11||75|162|250||||"82713437"|"142474465"
0|1|1||250|625|1000||||"82713437"|"142474466"
0|5|9||2|4|5||||"82713438"|"142474467"
2|6|9||5|40|75||||"82713438"|"142474468"
0|7|14||75|162|250||||"82713438"|"142474469"
0|2|3||250|625|1000||||"82713438"|"142474470"
0|9|17||2|4|5||||"82713439"|"142474471"
2|8|14||5|40|75||||"82713439"|"142474472"
0|5|9||75|162|250||||"82713439"|"142474473"
0|2|3||250|625|1000||||"82713439"|"142474474"
0|1|9||2|4|5||||"82713442"|"142474478"
3|3|6||5|40|75||||"82713442"|"142474479"
0|3|6||75|162|250||||"82713442"|"142474480"
0|0|1||250|625|1000||||"82713442"|"142474481"
0|3|31||2|4|5||||"82713443"|"142474482"
0|6|28||5|40|75||||"82713443"|"142474483"
0|1|11||75|162|250||||"82713443"|"142474484"
0|1|3||250|625|1000||||"82713443"|"142474485"
0|3|31||2|4|5||||"82713444"|"142474486"
3|6|28||5|40|75||||"82713444"|"142474487"
0|3|11||75|162|250||||"82713444"|"142474488"
0|1|3||250|625|1000||||"82713444"|"142474489"
0|3|11||2|4|5||||"82713447"|"142474498"
3|3|11||5|40|75||||"82713447"|"142474499"
0|0|1||250|625|1000||||"82713447"|"142474500"
0|3|26||2|4|5||||"82713445"|"142474490"
3|3|26||5|40|75||||"82713445"|"142474491"
0|0|3||75|162|250||||"82713445"|"142474492"
0|0|1||250|625|1000||||"82713445"|"142474493"
0|3|34||2|4|5||||"82713446"|"142474494"
3|3|34||5|40|75||||"82713446"|"142474495"
0|0|3||75|162|250||||"82713446"|"142474496"
0|0|1||250|625|1000||||"82713446"|"142474497"
0|3|14||2|4|5||||"82713451"|"142474513"
0|3|11||5|40|75||||"82713451"|"142474514"
0|1|3||75|162|250||||"82713451"|"142474515"
0|0|1||250|625|1000||||"82713451"|"142474516"
0|3|26||2|4|5||||"82713448"|"142474501"
3|3|26||5|40|75||||"82713448"|"142474502"
0|2|3||75|162|250||||"82713448"|"142474503"
0|1|1||250|625|1000||||"82713448"|"142474504"
0|3|26||2|4|5||||"82713449"|"142474505"
3|6|26||5|40|75||||"82713449"|"142474506"
0|2|3||75|162|250||||"82713449"|"142474507"
0|1|1||250|625|1000||||"82713449"|"142474508"
0|13|34||2|4|5||||"82713450"|"142474509"
3|13|34||5|40|75||||"82713450"|"142474510"
0|2|3||75|162|250||||"82713450"|"142474511"
0|1|1||250|625|1000||||"82713450"|"142474512"
0|3|11||2|4|5||||"82713452"|"142474517"
3|6|11||5|40|75||||"82713452"|"142474518"
0|1|6||75|162|250||||"82713452"|"142474519"
0|0|1||250|625|1000||||"82713452"|"142474520"
0|3|20||2|4|5||||"82713454"|"142474525"
3|6|23||5|40|75||||"82713454"|"142474526"
0|3|6||75|162|250||||"82713454"|"142474527"
0|1|1||250|625|1000||||"82713454"|"142474528"
0|3|17||2|4|5||||"82713455"|"142474529"
3|6|17||5|40|75||||"82713455"|"142474530"
0|2|6||75|162|250||||"82713455"|"142474531"
0|1|1||250|625|1000||||"82713455"|"142474532"
0|6|31||2|4|5||||"82713453"|"142474521"
5|17|28||5|40|75||||"82713453"|"142474522"
0|3|6||75|162|250||||"82713453"|"142474523"
0|1|1||250|625|1000||||"82713453"|"142474524"
0|3|17||2|4|5||||"82713471"|"142474592"
4|6|24||5|40|75||||"82713471"|"142474593"
3|3|23||75|162|250||||"82713471"|"142474594"
1|1|14||250|625|1000||||"82713471"|"142474595"
0|3|31||2|4|5||||"82713470"|"142474588"
3|6|28||5|40|75||||"82713470"|"142474589"
0|3|11||75|162|250||||"82713470"|"142474590"
0|1|3||250|625|1000||||"82713470"|"142474591"
0|3|31||2|4|5||||"82713472"|"142474596"
0|6|28||5|40|75||||"82713472"|"142474597"
0|1|11||75|162|250||||"82713472"|"142474598"
0|1|3||250|625|1000||||"82713472"|"142474599"
0|3|13||2|4|5||||"82713475"|"142474608"
3|3|11||5|40|75||||"82713475"|"142474609"
3|3|14||75|162|250||||"82713475"|"142474610"
3|3|14||250|625|1000||||"82713475"|"142474611"
0|3|26||2|4|5||||"82713473"|"142474600"
3|3|26||5|40|75||||"82713473"|"142474601"
0|0|3||75|162|250||||"82713473"|"142474602"
0|0|1||250|625|1000||||"82713473"|"142474603"
0|3|34||2|4|5||||"82713474"|"142474604"
3|3|34||5|40|75||||"82713474"|"142474605"
0|0|3||75|162|250||||"82713474"|"142474606"
0|0|1||250|625|1000||||"82713474"|"142474607"
0|3|15||2|4|5||||"82713479"|"142474624"
3|3|13||5|40|75||||"82713479"|"142474625"
3|3|9||75|162|250||||"82713479"|"142474626"
3|3|14||250|625|1000||||"82713479"|"142474627"
0|3|26||2|4|5||||"82713476"|"142474612"
3|3|26||5|40|75||||"82713476"|"142474613"
0|2|3||75|162|250||||"82713476"|"142474614"
0|1|1||250|625|1000||||"82713476"|"142474615"
0|3|26||2|4|5||||"82713477"|"142474616"
3|6|26||5|40|75||||"82713477"|"142474617"
0|2|3||75|162|250||||"82713477"|"142474618"
0|1|1||250|625|1000||||"82713477"|"142474619"
0|13|34||2|4|5||||"82713478"|"142474620"
3|13|34||5|40|75||||"82713478"|"142474621"
0|2|3||75|162|250||||"82713478"|"142474622"
0|1|1||250|625|1000||||"82713478"|"142474623"
0|2|17||2|4|5||||"82713483"|"142474640"
1|2|14||5|40|75||||"82713483"|"142474641"
6|6|14||75|162|250||||"82713483"|"142474642"
3|3|14||250|625|1000||||"82713483"|"142474643"
0|3|20||2|4|5||||"82713481"|"142474632"
3|6|23||5|40|75||||"82713481"|"142474633"
0|3|6||75|162|250||||"82713481"|"142474634"
0|1|1||250|625|1000||||"82713481"|"142474635"
0|3|17||2|4|5||||"82713482"|"142474636"
3|6|17||5|40|75||||"82713482"|"142474637"
0|2|6||75|162|250||||"82713482"|"142474638"
0|1|1||250|625|1000||||"82713482"|"142474639"
0|6|31||2|4|5||||"82713480"|"142474628"
5|17|28||5|40|75||||"82713480"|"142474629"
0|3|6||75|162|250||||"82713480"|"142474630"
0|1|1||250|625|1000||||"82713480"|"142474631"
0|5|9||2|4|5||||"82713616"|"142474970"
0|2|3||5|40|75||||"82713616"|"142474971"
0|2|3||75|162|250||||"82713616"|"142474972"
0|5|9||2|4|5||||"82713617"|"142474973"
0|2|3||5|40|75||||"82713617"|"142474974"
0|2|3||75|162|250||||"82713617"|"142474975"
0|3|6||2|4|5||||"82713618"|"142474976"
0|2|3||5|40|75||||"82713618"|"142474977"
0|0|5||2|4|5||||"82713619"|"142474978"
0|0|5||2|4|5||||"82713620"|"142474979"
0|0|5||2|4|5||||"82713621"|"142474980"
0|3|31||2|4|5||||"82713624"|"142474985"
0|2|6||5|40|75||||"82713624"|"142474986"
0|2|5||2|4|5||||"82713622"|"142474981"
0|1|3||5|40|75||||"82713622"|"142474982"
0|2|5||2|4|5||||"82713623"|"142474983"
0|1|3||5|40|75||||"82713623"|"142474984"
0|10|28||75|162|250||||"82713626"|"142474990"
11|25|28||5|40|75||||"82713626"|"142474991"
0|13|20||2|4|5||||"82713626"|"142474992"
0|6|23||2|4|5||||"82713628"|"142474996"
0|6|31||5|40|75||||"82713628"|"142474997"
0|3|28||75|162|250||||"82713628"|"142474998"
0|0|14||2|4|5||||"82713627"|"142474993"
0|0|6||5|40|75||||"82713627"|"142474994"
0|0|3||75|162|250||||"82713627"|"142474995"
0|12|23||2|4|5||||"82713625"|"142474987"
0|12|31||5|40|75||||"82713625"|"142474988"
0|6|28||75|162|250||||"82713625"|"142474989"
0|0|1||2|4|5||||"82713629"|"142474999"
0|0|1||2|4|5||||"82713630"|"142475000"
0|0|1||2|4|5||||"82713631"|"142475001"
0|5|9||2|4|5||||"82713632"|"142475002"
0|2|3||5|40|75||||"82713632"|"142475003"
0|2|3||75|162|250||||"82713632"|"142475004"
0|5|9||2|4|5||||"82713633"|"142475005"
0|2|3||5|40|75||||"82713633"|"142475006"
0|2|3||75|162|250||||"82713633"|"142475007"
0|3|6||2|4|5||||"82713634"|"142475008"
0|2|3||5|40|75||||"82713634"|"142475009"
0|0|5||2|4|5||||"82713635"|"142475010"
0|0|5||2|4|5||||"82713636"|"142475011"
0|0|5||2|4|5||||"82713637"|"142475012"
0|3|31||2|4|5||||"82713640"|"142475017"
0|2|6||5|40|75||||"82713640"|"142475018"
0|2|5||2|4|5||||"82713638"|"142475013"
0|1|3||5|40|75||||"82713638"|"142475014"
0|2|5||2|4|5||||"82713639"|"142475015"
0|1|3||5|40|75||||"82713639"|"142475016"
0|10|28||75|162|250||||"82713644"|"142475028"
11|25|28||5|40|75||||"82713644"|"142475029"
0|13|20||2|4|5||||"82713644"|"142475030"
0|6|23||2|4|5||||"82713642"|"142475022"
0|6|31||5|40|75||||"82713642"|"142475023"
0|3|28||75|162|250||||"82713642"|"142475024"
0|0|14||2|4|5||||"82713641"|"142475019"
0|0|6||5|40|75||||"82713641"|"142475020"
0|0|3||75|162|250||||"82713641"|"142475021"
0|12|23||2|4|5||||"82713643"|"142475025"
0|12|31||5|40|75||||"82713643"|"142475026"
0|6|28||75|162|250||||"82713643"|"142475027"
0|0|1||2|4|5||||"82713645"|"142475031"
0|0|1||2|4|5||||"82713646"|"142475032"
0|0|1||2|4|5||||"82713647"|"142475033"
0|5|9||2|4|5||||"82713648"|"142475034"
0|2|3||5|40|75||||"82713648"|"142475035"
0|2|3||75|162|250||||"82713648"|"142475036"
0|5|9||2|4|5||||"82713649"|"142475037"
0|2|3||5|40|75||||"82713649"|"142475038"
0|2|3||75|162|250||||"82713649"|"142475039"
0|3|6||2|4|5||||"82713650"|"142475040"
0|2|3||5|40|75||||"82713650"|"142475041"
0|0|3||2|4|5||||"82713651"|"142475042"
0|0|3||5|40|75||||"82713651"|"142475043"
0|0|3||2|4|5||||"82713652"|"142475044"
0|0|3||5|40|75||||"82713652"|"142475045"
0|0|17||2|4|5||||"82713653"|"142475046"
0|0|11||5|40|75||||"82713653"|"142475047"
0|0|5||2|4|5||||"82713654"|"142475048"
0|0|5||2|4|5||||"82713655"|"142475049"
0|0|5||2|4|5||||"82713656"|"142475050"
0|3|31||2|4|5||||"82713659"|"142475055"
0|2|6||5|40|75||||"82713659"|"142475056"
0|2|5||2|4|5||||"82713657"|"142475051"
0|1|3||5|40|75||||"82713657"|"142475052"
0|2|5||2|4|5||||"82713658"|"142475053"
0|1|3||5|40|75||||"82713658"|"142475054"
0|10|28||75|162|250||||"82713663"|"142475066"
11|25|28||5|40|75||||"82713663"|"142475067"
0|13|20||2|4|5||||"82713663"|"142475068"
0|6|23||2|4|5||||"82713661"|"142475060"
0|6|31||5|40|75||||"82713661"|"142475061"
0|3|28||75|162|250||||"82713661"|"142475062"
0|0|14||2|4|5||||"82713660"|"142475057"
0|0|6||5|40|75||||"82713660"|"142475058"
0|0|3||75|162|250||||"82713660"|"142475059"
0|12|23||2|4|5||||"82713662"|"142475063"
0|12|31||5|40|75||||"82713662"|"142475064"
0|6|28||75|162|250||||"82713662"|"142475065"
0|0|1||2|4|5||||"82713664"|"142475069"
0|0|1||2|4|5||||"82713665"|"142475070"
0|0|1||2|4|5||||"82713666"|"142475071"
0|0|14||2|4|5||||"82713669"|"142475074"
0|0|6||5|40|75||||"82713669"|"142475075"
0|0|3||2|4|5||||"82713667"|"142475072"
0|0|3||2|4|5||||"82713668"|"142475073"
0|3|31||2|4|5||||"82713706"|"142475140"
0|3|17||5|40|75||||"82713706"|"142475141"
0|0|6||75|162|250||||"82713706"|"142475142"
0|6|11||2|4|5||||"82713704"|"142475136"
0|2|3||5|40|75||||"82713704"|"142475137"
0|6|11||2|4|5||||"82713705"|"142475138"
0|2|3||5|40|75||||"82713705"|"142475139"
0|0|3||2|4|5||||"82713707"|"142475143"
0|0|3||2|4|5||||"82713708"|"142475144"
0|0|3||2|4|5||||"82713720"|"142475154"
0|0|3||2|4|5||||"82713721"|"142475155"
0|0|3||2|4|5||||"82713722"|"142475156"
0|0|3||2|4|5||||"82713723"|"142475157"
0|0|3||2|4|5||||"82713724"|"142475158"
0|3|11||2|4|5||||"82714023"|"142476295"
3|3|11||5|40|75||||"82714023"|"142476296"
0|0|1||250|625|1000||||"82714023"|"142476297"
0|3|26||2|4|5||||"82714021"|"142476287"
3|3|26||5|40|75||||"82714021"|"142476288"
0|0|3||75|162|250||||"82714021"|"142476289"
0|0|1||250|625|1000||||"82714021"|"142476290"
0|3|34||2|4|5||||"82714022"|"142476291"
3|3|34||5|40|75||||"82714022"|"142476292"
0|0|3||75|162|250||||"82714022"|"142476293"
0|0|1||250|625|1000||||"82714022"|"142476294"
0|1|9||2|4|5||||"82714024"|"142476298"
3|3|6||5|40|75||||"82714024"|"142476299"
0|3|6||75|162|250||||"82714024"|"142476300"
0|0|1||250|625|1000||||"82714024"|"142476301"
0|3|31||2|4|5||||"82714025"|"142476302"
0|6|28||5|40|75||||"82714025"|"142476303"
0|1|11||75|162|250||||"82714025"|"142476304"
0|1|3||250|625|1000||||"82714025"|"142476305"
0|3|31||2|4|5||||"82714026"|"142476306"
3|6|28||5|40|75||||"82714026"|"142476307"
0|3|11||75|162|250||||"82714026"|"142476308"
0|1|3||250|625|1000||||"82714026"|"142476309"
0|1|1||250|625|1000||||"82714027"|"142476310"
0|1|20||2|4|5||||"82714029"|"142476315"
0|6|14||5|40|75||||"82714029"|"142476316"
0|2|9||75|162|250||||"82714029"|"142476317"
0|1|3||250|625|1000||||"82714029"|"142476318"
0|3|20||2|4|5||||"82714028"|"142476311"
0|3|14||5|40|75||||"82714028"|"142476312"
0|1|9||75|162|250||||"82714028"|"142476313"
0|1|3||250|625|1000||||"82714028"|"142476314"
0|1|9||2|4|5||||"82714082"|"142476412"
3|3|6||5|40|75||||"82714082"|"142476413"
0|3|6||75|162|250||||"82714082"|"142476414"
0|0|1||250|625|1000||||"82714082"|"142476415"
0|3|31||2|4|5||||"82714083"|"142476416"
0|6|28||5|40|75||||"82714083"|"142476417"
0|1|11||75|162|250||||"82714083"|"142476418"
0|1|3||250|625|1000||||"82714083"|"142476419"
0|3|31||2|4|5||||"82714084"|"142476420"
3|6|28||5|40|75||||"82714084"|"142476421"
0|3|11||75|162|250||||"82714084"|"142476422"
0|1|3||250|625|1000||||"82714084"|"142476423"
0|3|14||2|4|5||||"82714087"|"142476432"
0|3|11||5|40|75||||"82714087"|"142476433"
0|1|3||75|162|250||||"82714087"|"142476434"
0|0|1||250|625|1000||||"82714087"|"142476435"
0|3|26||2|4|5||||"82714088"|"142476436"
3|3|26||5|40|75||||"82714088"|"142476437"
0|2|3||75|162|250||||"82714088"|"142476438"
0|1|1||250|625|1000||||"82714088"|"142476439"
0|3|26||2|4|5||||"82714085"|"142476424"
3|6|26||5|40|75||||"82714085"|"142476425"
0|2|3||75|162|250||||"82714085"|"142476426"
0|1|1||250|625|1000||||"82714085"|"142476427"
0|13|34||2|4|5||||"82714086"|"142476428"
3|13|34||5|40|75||||"82714086"|"142476429"
0|2|3||75|162|250||||"82714086"|"142476430"
0|1|1||250|625|1000||||"82714086"|"142476431"
0|3|11||2|4|5||||"82714089"|"142476440"
3|6|11||5|40|75||||"82714089"|"142476441"
0|1|6||75|162|250||||"82714089"|"142476442"
0|0|1||250|625|1000||||"82714089"|"142476443"
0|3|20||2|4|5||||"82714091"|"142476448"
3|6|23||5|40|75||||"82714091"|"142476449"
0|3|6||75|162|250||||"82714091"|"142476450"
0|1|1||250|625|1000||||"82714091"|"142476451"
0|3|17||2|4|5||||"82714092"|"142476452"
3|6|17||5|40|75||||"82714092"|"142476453"
0|2|6||75|162|250||||"82714092"|"142476454"
0|1|1||250|625|1000||||"82714092"|"142476455"
0|6|31||2|4|5||||"82714090"|"142476444"
5|17|28||5|40|75||||"82714090"|"142476445"
0|3|6||75|162|250||||"82714090"|"142476446"
0|1|1||250|625|1000||||"82714090"|"142476447"
0|3|8||2|4|5||||"82714093"|"142476456"
0|3|5||5|40|75||||"82714093"|"142476457"
3|6|11||75|162|250||||"82714093"|"142476458"
0|1|1||250|625|1000||||"82714093"|"142476459"
0|12|24||2|4|5||||"82714094"|"142476460"
4|17|29||5|40|75||||"82714094"|"142476461"
9|19|28||75|162|250||||"82714094"|"142476462"
0|2|3||250|625|1000||||"82714094"|"142476463"
0|4|26||2|4|5||||"82714097"|"142476468"
3|6|23||5|40|75||||"82714097"|"142476469"
0|1|6||75|162|250||||"82714097"|"142476470"
0|1|1||250|625|1000||||"82714097"|"142476471"
0|3|14||2|4|5||||"82714096"|"142476464"
0|6|11||5|40|75||||"82714096"|"142476465"
0|1|3||75|162|250||||"82714096"|"142476466"
0|1|1||250|625|1000||||"82714096"|"142476467"
0|2|14||2|4|5||||"82714099"|"142476472"
0|6|11||5|40|75||||"82714099"|"142476473"
0|2|3||75|162|250||||"82714099"|"142476474"
0|5|20||2|4|5||||"82714101"|"142476478"
22|40|40||5|40|75||||"82714101"|"142476479"
0|2|3||75|162|250||||"82714101"|"142476480"
0|10|37||2|4|5||||"82714100"|"142476475"
0|16|34||5|40|75||||"82714100"|"142476476"
0|2|3||75|162|250||||"82714100"|"142476477"
0|3|14||2|4|5||||"82714106"|"142476493"
0|3|11||5|40|75||||"82714106"|"142476494"
0|1|3||75|162|250||||"82714106"|"142476495"
0|0|1||250|625|1000||||"82714106"|"142476496"
0|3|26||2|4|5||||"82714103"|"142476481"
3|3|26||5|40|75||||"82714103"|"142476482"
0|2|3||75|162|250||||"82714103"|"142476483"
0|1|1||250|625|1000||||"82714103"|"142476484"
0|3|26||2|4|5||||"82714104"|"142476485"
3|6|26||5|40|75||||"82714104"|"142476486"
0|2|3||75|162|250||||"82714104"|"142476487"
0|1|1||250|625|1000||||"82714104"|"142476488"
0|13|34||2|4|5||||"82714105"|"142476489"
3|13|34||5|40|75||||"82714105"|"142476490"
0|2|3||75|162|250||||"82714105"|"142476491"
0|1|1||250|625|1000||||"82714105"|"142476492"
0|3|11||2|4|5||||"82714107"|"142476497"
3|6|11||5|40|75||||"82714107"|"142476498"
0|1|6||75|162|250||||"82714107"|"142476499"
0|0|1||250|625|1000||||"82714107"|"142476500"
0|3|20||2|4|5||||"82714109"|"142476505"
3|6|23||5|40|75||||"82714109"|"142476506"
0|3|6||75|162|250||||"82714109"|"142476507"
0|1|1||250|625|1000||||"82714109"|"142476508"
0|3|17||2|4|5||||"82714110"|"142476509"
3|6|17||5|40|75||||"82714110"|"142476510"
0|2|6||75|162|250||||"82714110"|"142476511"
0|1|1||250|625|1000||||"82714110"|"142476512"
0|6|31||2|4|5||||"82714108"|"142476501"
5|17|28||5|40|75||||"82714108"|"142476502"
0|3|6||75|162|250||||"82714108"|"142476503"
0|1|1||250|625|1000||||"82714108"|"142476504"
0|3|8||2|4|5||||"82714111"|"142476513"
0|3|5||5|40|75||||"82714111"|"142476514"
3|6|11||75|162|250||||"82714111"|"142476515"
0|1|1||250|625|1000||||"82714111"|"142476516"
0|12|24||2|4|5||||"82714112"|"142476517"
4|17|29||5|40|75||||"82714112"|"142476518"
9|19|28||75|162|250||||"82714112"|"142476519"
0|2|3||250|625|1000||||"82714112"|"142476520"
0|4|26||2|4|5||||"82714115"|"142476525"
3|6|23||5|40|75||||"82714115"|"142476526"
0|1|6||75|162|250||||"82714115"|"142476527"
0|1|1||250|625|1000||||"82714115"|"142476528"
0|3|14||2|4|5||||"82714114"|"142476521"
0|6|11||5|40|75||||"82714114"|"142476522"
0|1|3||75|162|250||||"82714114"|"142476523"
0|1|1||250|625|1000||||"82714114"|"142476524"
0|2|14||2|4|5||||"82714117"|"142476529"
0|6|11||5|40|75||||"82714117"|"142476530"
0|2|3||75|162|250||||"82714117"|"142476531"
0|5|20||2|4|5||||"82714118"|"142476532"
22|40|40||5|40|75||||"82714118"|"142476533"
0|2|3||75|162|250||||"82714118"|"142476534"
0|10|37||2|4|5||||"82714120"|"142476535"
0|16|34||5|40|75||||"82714120"|"142476536"
0|2|3||75|162|250||||"82714120"|"142476537"
0|3|8||2|4|5||||"82714123"|"142476542"
0|3|5||5|40|75||||"82714123"|"142476543"
3|6|11||75|162|250||||"82714123"|"142476544"
0|1|1||250|625|1000||||"82714123"|"142476545"
0|2|3||250|625|1000||||"82714121"|"142476538"
0|12|24||2|4|5||||"82714121"|"142476539"
4|17|29||5|40|75||||"82714121"|"142476540"
9|19|28||75|162|250||||"82714121"|"142476541"
0|4|26||2|4|5||||"82714125"|"142476550"
3|6|23||5|40|75||||"82714125"|"142476551"
0|1|6||75|162|250||||"82714125"|"142476552"
0|1|1||250|625|1000||||"82714125"|"142476553"
0|1|16||2|4|5||||"82714124"|"142476546"
9|9|24||5|40|75||||"82714124"|"142476547"
3|3|9||75|162|250||||"82714124"|"142476548"
1|1|3||250|625|1000||||"82714124"|"142476549"
0|3|11||2|4|5||||"82714129"|"142476558"
3|6|11||5|40|75||||"82714129"|"142476559"
0|1|6||75|162|250||||"82714129"|"142476560"
0|0|1||250|625|1000||||"82714129"|"142476561"
0|5|11||2|4|5||||"82714127"|"142476554"
3|7|11||5|40|75||||"82714127"|"142476555"
0|1|6||75|162|250||||"82714127"|"142476556"
0|0|1||250|625|1000||||"82714127"|"142476557"
0|2|14||2|4|5||||"82714130"|"142476562"
0|6|11||5|40|75||||"82714130"|"142476563"
0|2|3||75|162|250||||"82714130"|"142476564"
0|5|20||2|4|5||||"82714132"|"142476568"
22|40|40||5|40|75||||"82714132"|"142476569"
0|2|3||75|162|250||||"82714132"|"142476570"
0|10|37||2|4|5||||"82714131"|"142476565"
0|16|34||5|40|75||||"82714131"|"142476566"
0|2|3||75|162|250||||"82714131"|"142476567"
0|0|10||75|162|250||||"82714425"|"142477341"
1|2|20||2|4|5||||"82714425"|"142477342"
0|3|20||5|40|75||||"82714425"|"142477343"
1|3|20||2|4|5||||"82714426"|"142477344"
3|6|20||5|40|75||||"82714426"|"142477345"
0|2|10||75|162|250||||"82714426"|"142477346"
2|10|25||2|4|5||||"82714428"|"142477350"
3|15|25||5|40|75||||"82714428"|"142477351"
0|2|10||75|162|250||||"82714428"|"142477352"
1|12|20||2|4|5||||"82714427"|"142477347"
3|13|20||5|40|75||||"82714427"|"142477348"
0|2|10||75|162|250||||"82714427"|"142477349"
2|5|25|"Limestone fragments"|5|40|75|"Nonflat"|"Subrounded"||"82714432"|"142477365"
0|3|14|"Limestone fragments"|75|162|250|"Nonflat"|"Subrounded"||"82714432"|"142477366"
0|3|25|"Limestone fragments"|2|4|5|"Nonflat"|"Subrounded"||"82714432"|"142477367"
0|0|8|"Limestone fragments"|250|625|1000|"Nonflat"|"Subrounded"||"82714432"|"142477368"
0|3|14|"Limestone fragments"|75|162|250|"Nonflat"|"Subrounded"||"82714433"|"142477369"
0|3|25|"Limestone fragments"|2|4|5|"Nonflat"|"Subrounded"||"82714433"|"142477370"
0|0|8|"Limestone fragments"|250|625|1000|"Nonflat"|"Subrounded"||"82714433"|"142477371"
2|3|25|"Limestone fragments"|5|40|75|"Nonflat"|"Subrounded"||"82714433"|"142477372"
0|0|8|"Limestone fragments"|250|625|1000|"Nonflat"|"Subrounded"||"82714434"|"142477373"
0|3|25|"Limestone fragments"|2|4|5|"Nonflat"|"Subrounded"||"82714434"|"142477374"
2|3|25|"Limestone fragments"|5|40|75|"Nonflat"|"Subrounded"||"82714434"|"142477375"
0|3|14|"Limestone fragments"|75|162|250|"Nonflat"|"Subrounded"||"82714434"|"142477376"
2|2|25|"Limestone fragments"|5|40|75|"Nonflat"|"Subrounded"||"82714429"|"142477353"
0|0|14|"Limestone fragments"|75|162|250|"Nonflat"|"Subrounded"||"82714429"|"142477354"
0|0|8|"Limestone fragments"|250|625|1000|"Nonflat"|"Subrounded"||"82714429"|"142477355"
0|2|25|"Limestone fragments"|2|4|5|"Nonflat"|"Subrounded"||"82714429"|"142477356"
0|1|14|"Limestone fragments"|75|162|250|"Nonflat"|"Subrounded"||"82714431"|"142477361"
0|1|25|"Limestone fragments"|2|4|5|"Nonflat"|"Subrounded"||"82714431"|"142477362"
0|0|8|"Limestone fragments"|250|625|1000|"Nonflat"|"Subrounded"||"82714431"|"142477363"
2|2|25|"Limestone fragments"|5|40|75|"Nonflat"|"Subrounded"||"82714431"|"142477364"
0|2|25|"Limestone fragments"|2|4|5|"Nonflat"|"Subrounded"||"82714430"|"142477357"
2|2|25|"Limestone fragments"|5|40|75|"Nonflat"|"Subrounded"||"82714430"|"142477358"
0|0|14|"Limestone fragments"|75|162|250|"Nonflat"|"Subrounded"||"82714430"|"142477359"
0|0|8|"Limestone fragments"|250|625|1000|"Nonflat"|"Subrounded"||"82714430"|"142477360"
0|0|0||||||||"82714439"|"142477393"
0|0|8|"Mixed rock fragments"|250|300|600|"Nonflat"|"Subrounded"||"82714435"|"142477377"
2|5|25|"Mixed rock fragments"|5|40|75|"Nonflat"|"Subrounded"||"82714435"|"142477378"
0|0|31|"Mixed rock fragments"|2|4|5|"Nonflat"|"Subrounded"||"82714435"|"142477379"
0|0|14|"Mixed rock fragments"|75|162|250|"Nonflat"|"Subrounded"||"82714435"|"142477380"
0|0|25|"Mixed rock fragments"|2|4|5|"Nonflat"|"Subrounded"||"82714436"|"142477381"
0|0|8|"Mixed rock fragments"|250|300|600|"Nonflat"|"Subrounded"||"82714436"|"142477382"
2|7|25|"Mixed rock fragments"|5|40|75|"Nonflat"|"Subrounded"||"82714436"|"142477383"
0|0|14|"Mixed rock fragments"|75|162|250|"Nonflat"|"Subrounded"||"82714436"|"142477384"
0|0|25|"Mixed rock fragments"|2|4|5|"Nonflat"|"Subrounded"||"82714437"|"142477385"
0|0|8|"Mixed rock fragments"|250|300|600|"Nonflat"|"Subrounded"||"82714437"|"142477386"
2|7|25|"Mixed rock fragments"|5|40|75|"Nonflat"|"Subrounded"||"82714437"|"142477387"
0|0|14|"Mixed rock fragments"|75|162|250|"Nonflat"|"Subrounded"||"82714437"|"142477388"
2|13|25|"Mixed rock fragments"|5|40|75|"Nonflat"|"Subrounded"||"82714438"|"142477389"
0|7|14|"Mixed rock fragments"|75|162|250|"Nonflat"|"Subrounded"||"82714438"|"142477390"
0|5|25|"Mixed rock fragments"|2|4|5|"Nonflat"|"Subrounded"||"82714438"|"142477391"
0|0|4|"Mixed rock fragments"|250|300|600|"Nonflat"|"Subrounded"||"82714438"|"142477392"
0|5|34|"Limestone fragments"|2|4|5|"Nonflat"|"Subrounded"||"82714443"|"142477406"
2|12|34|"Limestone fragments"|5|40|75|"Nonflat"|"Subrounded"||"82714443"|"142477407"
0|3|14|"Limestone fragments"|75|162|250|"Nonflat"|"Subrounded"||"82714443"|"142477408"
0|0|8|"Limestone fragments"|250|625|1000|"Nonflat"|"Subrounded"||"82714443"|"142477409"
0|0|14|"Limestone fragments"|75|162|250|"Nonflat"|"Subrounded"||"82714442"|"142477402"
0|3|25|"Limestone fragments"|2|4|5|"Nonflat"|"Subrounded"||"82714442"|"142477403"
0|0|8|"Limestone fragments"|250|625|1000|"Nonflat"|"Subrounded"||"82714442"|"142477404"
2|7|25|"Limestone fragments"|5|40|75|"Nonflat"|"Subrounded"||"82714442"|"142477405"
0|3|14|"Limestone fragments"|75|162|250|"Nonflat"|"Subrounded"||"82714440"|"142477394"
0|5|25|"Limestone fragments"|2|4|5|"Nonflat"|"Subrounded"||"82714440"|"142477395"
0|0|8|"Limestone fragments"|250|625|1000|"Nonflat"|"Subrounded"||"82714440"|"142477396"
2|12|25|"Limestone fragments"|5|40|75|"Nonflat"|"Subrounded"||"82714440"|"142477397"
0|0|14|"Limestone fragments"|75|162|250|"Nonflat"|"Subrounded"||"82714441"|"142477398"
0|3|25|"Limestone fragments"|2|4|5|"Nonflat"|"Subrounded"||"82714441"|"142477399"
0|0|8|"Limestone fragments"|250|625|1000|"Nonflat"|"Subrounded"||"82714441"|"142477400"
2|7|25|"Limestone fragments"|5|40|75|"Nonflat"|"Subrounded"||"82714441"|"142477401"
0|5|34|"Limestone fragments"|2|4|5|"Nonflat"|"Subrounded"|"Indurated"|"82714446"|"142477418"
2|15|34|"Limestone fragments"|5|40|75|"Nonflat"|"Subrounded"|"Indurated"|"82714446"|"142477419"
0|5|11|"Limestone fragments"|75|162|250|"Nonflat"|"Subrounded"|"Indurated"|"82714446"|"142477420"
0|0|6|"Limestone fragments"|250|425|600|"Nonflat"|"Subrounded"|"Indurated"|"82714446"|"142477421"
0|2|8|"Limestone fragments"|75|162|250|"Nonflat"|"Subrounded"|"Indurated"|"82714447"|"142477422"
0|0|3|"Limestone fragments"|250|425|600|"Nonflat"|"Subrounded"|"Indurated"|"82714447"|"142477423"
0|3|25|"Limestone fragments"|2|4|5|"Nonflat"|"Subrounded"|"Indurated"|"82714447"|"142477424"
2|10|25|"Limestone fragments"|5|40|75|"Nonflat"|"Subrounded"|"Indurated"|"82714447"|"142477425"
0|3|25|"Limestone fragments"|2|4|5|"Nonflat"|"Subrounded"|"Indurated"|"82714444"|"142477410"
2|2|25|"Limestone fragments"|5|40|75|"Nonflat"|"Subrounded"|"Indurated"|"82714444"|"142477411"
0|0|8|"Limestone fragments"|75|162|250|"Nonflat"|"Subrounded"|"Indurated"|"82714444"|"142477412"
0|0|3|"Limestone fragments"|250|425|600|"Nonflat"|"Subrounded"|"Indurated"|"82714444"|"142477413"
0|3|25|"Limestone fragments"|2|4|5|"Nonflat"|"Subrounded"|"Indurated"|"82714445"|"142477414"
2|7|25|"Limestone fragments"|5|40|75|"Nonflat"|"Subrounded"|"Indurated"|"82714445"|"142477415"
0|1|8|"Limestone fragments"|75|162|250|"Nonflat"|"Subrounded"|"Indurated"|"82714445"|"142477416"
0|0|3|"Limestone fragments"|250|425|600|"Nonflat"|"Subrounded"|"Indurated"|"82714445"|"142477417"
0|2|25|"Limestone fragments"|2|4|5|"Nonflat"|"Subrounded"|"Indurated"|"82714448"|"142477426"
2|3|25|"Limestone fragments"|5|40|75|"Nonflat"|"Subrounded"|"Indurated"|"82714448"|"142477427"
0|0|8|"Limestone fragments"|75|162|250|"Nonflat"|"Subrounded"|"Indurated"|"82714448"|"142477428"
0|0|3|"Limestone fragments"|250|425|600|"Nonflat"|"Subrounded"|"Indurated"|"82714448"|"142477429"
0|3|11||2|4|5||||"82714449"|"142477430"
3|6|11||5|40|75||||"82714449"|"142477431"
0|1|6||75|162|250||||"82714449"|"142477432"
0|0|1||250|625|1000||||"82714449"|"142477433"
0|3|6||75|162|250||||"82714451"|"142477438"
0|1|1||250|625|1000||||"82714451"|"142477439"
0|3|20||2|4|5||||"82714451"|"142477440"
3|6|23||5|40|75||||"82714451"|"142477441"
0|3|17||2|4|5||||"82714452"|"142477442"
3|6|17||5|40|75||||"82714452"|"142477443"
0|2|6||75|162|250||||"82714452"|"142477444"
0|1|1||250|625|1000||||"82714452"|"142477445"
0|6|31||2|4|5||||"82714450"|"142477434"
5|17|28||5|40|75||||"82714450"|"142477435"
0|3|6||75|162|250||||"82714450"|"142477436"
0|1|1||250|625|1000||||"82714450"|"142477437"
0|0|10||75|162|250||||"82714453"|"142477446"
1|2|20||2|4|5||||"82714453"|"142477447"
0|3|20||5|40|75||||"82714453"|"142477448"
1|3|20||2|4|5||||"82714454"|"142477449"
3|6|20||5|40|75||||"82714454"|"142477450"
0|2|10||75|162|250||||"82714454"|"142477451"
2|10|25||2|4|5||||"82714456"|"142477455"
3|15|25||5|40|75||||"82714456"|"142477456"
0|2|10||75|162|250||||"82714456"|"142477457"
1|12|20||2|4|5||||"82714455"|"142477452"
3|13|20||5|40|75||||"82714455"|"142477453"
0|2|10||75|162|250||||"82714455"|"142477454"
2|5|25|"Limestone fragments"|5|40|75|"Nonflat"|"Subrounded"||"82714460"|"142477470"
0|3|14|"Limestone fragments"|75|162|250|"Nonflat"|"Subrounded"||"82714460"|"142477471"
0|3|25|"Limestone fragments"|2|4|5|"Nonflat"|"Subrounded"||"82714460"|"142477472"
0|0|8|"Limestone fragments"|250|625|1000|"Nonflat"|"Subrounded"||"82714460"|"142477473"
0|3|14|"Limestone fragments"|75|162|250|"Nonflat"|"Subrounded"||"82714461"|"142477474"
0|3|25|"Limestone fragments"|2|4|5|"Nonflat"|"Subrounded"||"82714461"|"142477475"
0|0|8|"Limestone fragments"|250|625|1000|"Nonflat"|"Subrounded"||"82714461"|"142477476"
2|3|25|"Limestone fragments"|5|40|75|"Nonflat"|"Subrounded"||"82714461"|"142477477"
0|0|8|"Limestone fragments"|250|625|1000|"Nonflat"|"Subrounded"||"82714462"|"142477478"
0|3|25|"Limestone fragments"|2|4|5|"Nonflat"|"Subrounded"||"82714462"|"142477479"
2|3|25|"Limestone fragments"|5|40|75|"Nonflat"|"Subrounded"||"82714462"|"142477480"
0|3|14|"Limestone fragments"|75|162|250|"Nonflat"|"Subrounded"||"82714462"|"142477481"
2|2|25|"Limestone fragments"|5|40|75|"Nonflat"|"Subrounded"||"82714457"|"142477458"
0|0|14|"Limestone fragments"|75|162|250|"Nonflat"|"Subrounded"||"82714457"|"142477459"
0|0|8|"Limestone fragments"|250|625|1000|"Nonflat"|"Subrounded"||"82714457"|"142477460"
0|2|25|"Limestone fragments"|2|4|5|"Nonflat"|"Subrounded"||"82714457"|"142477461"
0|1|14|"Limestone fragments"|75|162|250|"Nonflat"|"Subrounded"||"82714459"|"142477466"
0|1|25|"Limestone fragments"|2|4|5|"Nonflat"|"Subrounded"||"82714459"|"142477467"
0|0|8|"Limestone fragments"|250|625|1000|"Nonflat"|"Subrounded"||"82714459"|"142477468"
2|2|25|"Limestone fragments"|5|40|75|"Nonflat"|"Subrounded"||"82714459"|"142477469"
0|2|25|"Limestone fragments"|2|4|5|"Nonflat"|"Subrounded"||"82714458"|"142477462"
2|2|25|"Limestone fragments"|5|40|75|"Nonflat"|"Subrounded"||"82714458"|"142477463"
0|0|14|"Limestone fragments"|75|162|250|"Nonflat"|"Subrounded"||"82714458"|"142477464"
0|0|8|"Limestone fragments"|250|625|1000|"Nonflat"|"Subrounded"||"82714458"|"142477465"
0|0|0||||||||"82714467"|"142477498"
0|0|8|"Mixed rock fragments"|250|300|600|"Nonflat"|"Subrounded"||"82714463"|"142477482"
2|5|25|"Mixed rock fragments"|5|40|75|"Nonflat"|"Subrounded"||"82714463"|"142477483"
0|0|31|"Mixed rock fragments"|2|4|5|"Nonflat"|"Subrounded"||"82714463"|"142477484"
0|0|14|"Mixed rock fragments"|75|162|250|"Nonflat"|"Subrounded"||"82714463"|"142477485"
0|0|25|"Mixed rock fragments"|2|4|5|"Nonflat"|"Subrounded"||"82714464"|"142477486"
0|0|8|"Mixed rock fragments"|250|300|600|"Nonflat"|"Subrounded"||"82714464"|"142477487"
2|7|25|"Mixed rock fragments"|5|40|75|"Nonflat"|"Subrounded"||"82714464"|"142477488"
0|0|14|"Mixed rock fragments"|75|162|250|"Nonflat"|"Subrounded"||"82714464"|"142477489"
0|0|25|"Mixed rock fragments"|2|4|5|"Nonflat"|"Subrounded"||"82714465"|"142477490"
0|0|8|"Mixed rock fragments"|250|300|600|"Nonflat"|"Subrounded"||"82714465"|"142477491"
2|7|25|"Mixed rock fragments"|5|40|75|"Nonflat"|"Subrounded"||"82714465"|"142477492"
0|0|14|"Mixed rock fragments"|75|162|250|"Nonflat"|"Subrounded"||"82714465"|"142477493"
2|13|25|"Mixed rock fragments"|5|40|75|"Nonflat"|"Subrounded"||"82714466"|"142477494"
0|7|14|"Mixed rock fragments"|75|162|250|"Nonflat"|"Subrounded"||"82714466"|"142477495"
0|5|25|"Mixed rock fragments"|2|4|5|"Nonflat"|"Subrounded"||"82714466"|"142477496"
0|0|4|"Mixed rock fragments"|250|300|600|"Nonflat"|"Subrounded"||"82714466"|"142477497"
0|5|34|"Limestone fragments"|2|4|5|"Nonflat"|"Subrounded"||"82714471"|"142477511"
2|12|34|"Limestone fragments"|5|40|75|"Nonflat"|"Subrounded"||"82714471"|"142477512"
0|3|14|"Limestone fragments"|75|162|250|"Nonflat"|"Subrounded"||"82714471"|"142477513"
0|0|8|"Limestone fragments"|250|625|1000|"Nonflat"|"Subrounded"||"82714471"|"142477514"
0|0|14|"Limestone fragments"|75|162|250|"Nonflat"|"Subrounded"||"82714470"|"142477507"
0|3|25|"Limestone fragments"|2|4|5|"Nonflat"|"Subrounded"||"82714470"|"142477508"
0|0|8|"Limestone fragments"|250|625|1000|"Nonflat"|"Subrounded"||"82714470"|"142477509"
2|7|25|"Limestone fragments"|5|40|75|"Nonflat"|"Subrounded"||"82714470"|"142477510"
0|3|14|"Limestone fragments"|75|162|250|"Nonflat"|"Subrounded"||"82714468"|"142477499"
0|5|25|"Limestone fragments"|2|4|5|"Nonflat"|"Subrounded"||"82714468"|"142477500"
0|0|8|"Limestone fragments"|250|625|1000|"Nonflat"|"Subrounded"||"82714468"|"142477501"
2|12|25|"Limestone fragments"|5|40|75|"Nonflat"|"Subrounded"||"82714468"|"142477502"
0|0|14|"Limestone fragments"|75|162|250|"Nonflat"|"Subrounded"||"82714469"|"142477503"
0|3|25|"Limestone fragments"|2|4|5|"Nonflat"|"Subrounded"||"82714469"|"142477504"
0|0|8|"Limestone fragments"|250|625|1000|"Nonflat"|"Subrounded"||"82714469"|"142477505"
2|7|25|"Limestone fragments"|5|40|75|"Nonflat"|"Subrounded"||"82714469"|"142477506"
0|3|11||2|4|5||||"82714472"|"142477515"
3|6|11||5|40|75||||"82714472"|"142477516"
0|1|6||75|162|250||||"82714472"|"142477517"
0|0|1||250|625|1000||||"82714472"|"142477518"
0|3|6||75|162|250||||"82714474"|"142477523"
0|1|1||250|625|1000||||"82714474"|"142477524"
0|3|20||2|4|5||||"82714474"|"142477525"
3|6|23||5|40|75||||"82714474"|"142477526"
0|3|17||2|4|5||||"82714475"|"142477527"
3|6|17||5|40|75||||"82714475"|"142477528"
0|2|6||75|162|250||||"82714475"|"142477529"
0|1|1||250|625|1000||||"82714475"|"142477530"
0|6|31||2|4|5||||"82714473"|"142477519"
5|17|28||5|40|75||||"82714473"|"142477520"
0|3|6||75|162|250||||"82714473"|"142477521"
0|1|1||250|625|1000||||"82714473"|"142477522"
0|2|25|"Limestone fragments"|2|4|5|"Nonflat"|"Subrounded"|"Indurated"|"82714480"|"142477547"
2|3|25|"Limestone fragments"|5|40|75|"Nonflat"|"Subrounded"|"Indurated"|"82714480"|"142477548"
0|0|8|"Limestone fragments"|75|162|250|"Nonflat"|"Subrounded"|"Indurated"|"82714480"|"142477549"
0|0|3|"Limestone fragments"|250|425|600|"Nonflat"|"Subrounded"|"Indurated"|"82714480"|"142477550"
0|5|34|"Limestone fragments"|2|4|5|"Nonflat"|"Subrounded"|"Indurated"|"82714478"|"142477539"
2|15|34|"Limestone fragments"|5|40|75|"Nonflat"|"Subrounded"|"Indurated"|"82714478"|"142477540"
0|5|11|"Limestone fragments"|75|162|250|"Nonflat"|"Subrounded"|"Indurated"|"82714478"|"142477541"
0|0|6|"Limestone fragments"|250|425|600|"Nonflat"|"Subrounded"|"Indurated"|"82714478"|"142477542"
0|2|8|"Limestone fragments"|75|162|250|"Nonflat"|"Subrounded"|"Indurated"|"82714479"|"142477543"
0|0|3|"Limestone fragments"|250|425|600|"Nonflat"|"Subrounded"|"Indurated"|"82714479"|"142477544"
0|3|25|"Limestone fragments"|2|4|5|"Nonflat"|"Subrounded"|"Indurated"|"82714479"|"142477545"
2|10|25|"Limestone fragments"|5|40|75|"Nonflat"|"Subrounded"|"Indurated"|"82714479"|"142477546"
0|3|25|"Limestone fragments"|2|4|5|"Nonflat"|"Subrounded"|"Indurated"|"82714476"|"142477531"
2|2|25|"Limestone fragments"|5|40|75|"Nonflat"|"Subrounded"|"Indurated"|"82714476"|"142477532"
0|0|8|"Limestone fragments"|75|162|250|"Nonflat"|"Subrounded"|"Indurated"|"82714476"|"142477533"
0|0|3|"Limestone fragments"|250|425|600|"Nonflat"|"Subrounded"|"Indurated"|"82714476"|"142477534"
0|3|25|"Limestone fragments"|2|4|5|"Nonflat"|"Subrounded"|"Indurated"|"82714477"|"142477535"
2|7|25|"Limestone fragments"|5|40|75|"Nonflat"|"Subrounded"|"Indurated"|"82714477"|"142477536"
0|1|8|"Limestone fragments"|75|162|250|"Nonflat"|"Subrounded"|"Indurated"|"82714477"|"142477537"
0|0|3|"Limestone fragments"|250|425|600|"Nonflat"|"Subrounded"|"Indurated"|"82714477"|"142477538"
0|0|10||75|162|250||||"82714481"|"142477551"
1|2|20||2|4|5||||"82714481"|"142477552"
0|3|20||5|40|75||||"82714481"|"142477553"
1|3|20||2|4|5||||"82714482"|"142477554"
3|6|20||5|40|75||||"82714482"|"142477555"
0|2|10||75|162|250||||"82714482"|"142477556"
2|10|25||2|4|5||||"82714484"|"142477560"
3|15|25||5|40|75||||"82714484"|"142477561"
0|2|10||75|162|250||||"82714484"|"142477562"
1|12|20||2|4|5||||"82714483"|"142477557"
3|13|20||5|40|75||||"82714483"|"142477558"
0|2|10||75|162|250||||"82714483"|"142477559"
2|5|25|"Limestone fragments"|5|40|75|"Nonflat"|"Subrounded"||"82714488"|"142477575"
0|3|14|"Limestone fragments"|75|162|250|"Nonflat"|"Subrounded"||"82714488"|"142477576"
0|3|25|"Limestone fragments"|2|4|5|"Nonflat"|"Subrounded"||"82714488"|"142477577"
0|0|8|"Limestone fragments"|250|625|1000|"Nonflat"|"Subrounded"||"82714488"|"142477578"
0|3|14|"Limestone fragments"|75|162|250|"Nonflat"|"Subrounded"||"82714489"|"142477579"
0|3|25|"Limestone fragments"|2|4|5|"Nonflat"|"Subrounded"||"82714489"|"142477580"
0|0|8|"Limestone fragments"|250|625|1000|"Nonflat"|"Subrounded"||"82714489"|"142477581"
2|3|25|"Limestone fragments"|5|40|75|"Nonflat"|"Subrounded"||"82714489"|"142477582"
0|0|8|"Limestone fragments"|250|625|1000|"Nonflat"|"Subrounded"||"82714490"|"142477583"
0|3|25|"Limestone fragments"|2|4|5|"Nonflat"|"Subrounded"||"82714490"|"142477584"
2|3|25|"Limestone fragments"|5|40|75|"Nonflat"|"Subrounded"||"82714490"|"142477585"
0|3|14|"Limestone fragments"|75|162|250|"Nonflat"|"Subrounded"||"82714490"|"142477586"
2|2|25|"Limestone fragments"|5|40|75|"Nonflat"|"Subrounded"||"82714485"|"142477563"
0|0|14|"Limestone fragments"|75|162|250|"Nonflat"|"Subrounded"||"82714485"|"142477564"
0|0|8|"Limestone fragments"|250|625|1000|"Nonflat"|"Subrounded"||"82714485"|"142477565"
0|2|25|"Limestone fragments"|2|4|5|"Nonflat"|"Subrounded"||"82714485"|"142477566"
0|2|25|"Limestone fragments"|2|4|5|"Nonflat"|"Subrounded"||"82714486"|"142477567"
2|2|25|"Limestone fragments"|5|40|75|"Nonflat"|"Subrounded"||"82714486"|"142477568"
0|0|14|"Limestone fragments"|75|162|250|"Nonflat"|"Subrounded"||"82714486"|"142477569"
0|0|8|"Limestone fragments"|250|625|1000|"Nonflat"|"Subrounded"||"82714486"|"142477570"
0|1|14|"Limestone fragments"|75|162|250|"Nonflat"|"Subrounded"||"82714487"|"142477571"
0|1|25|"Limestone fragments"|2|4|5|"Nonflat"|"Subrounded"||"82714487"|"142477572"
0|0|8|"Limestone fragments"|250|625|1000|"Nonflat"|"Subrounded"||"82714487"|"142477573"
2|2|25|"Limestone fragments"|5|40|75|"Nonflat"|"Subrounded"||"82714487"|"142477574"
0|0|0||||||||"82714495"|"142477603"
0|0|8|"Mixed rock fragments"|250|300|600|"Nonflat"|"Subrounded"||"82714491"|"142477587"
2|5|25|"Mixed rock fragments"|5|40|75|"Nonflat"|"Subrounded"||"82714491"|"142477588"
0|0|31|"Mixed rock fragments"|2|4|5|"Nonflat"|"Subrounded"||"82714491"|"142477589"
0|0|14|"Mixed rock fragments"|75|162|250|"Nonflat"|"Subrounded"||"82714491"|"142477590"
0|0|25|"Mixed rock fragments"|2|4|5|"Nonflat"|"Subrounded"||"82714492"|"142477591"
0|0|8|"Mixed rock fragments"|250|300|600|"Nonflat"|"Subrounded"||"82714492"|"142477592"
2|7|25|"Mixed rock fragments"|5|40|75|"Nonflat"|"Subrounded"||"82714492"|"142477593"
0|0|14|"Mixed rock fragments"|75|162|250|"Nonflat"|"Subrounded"||"82714492"|"142477594"
0|0|25|"Mixed rock fragments"|2|4|5|"Nonflat"|"Subrounded"||"82714493"|"142477595"
0|0|8|"Mixed rock fragments"|250|300|600|"Nonflat"|"Subrounded"||"82714493"|"142477596"
2|7|25|"Mixed rock fragments"|5|40|75|"Nonflat"|"Subrounded"||"82714493"|"142477597"
0|0|14|"Mixed rock fragments"|75|162|250|"Nonflat"|"Subrounded"||"82714493"|"142477598"
2|13|25|"Mixed rock fragments"|5|40|75|"Nonflat"|"Subrounded"||"82714494"|"142477599"
0|7|14|"Mixed rock fragments"|75|162|250|"Nonflat"|"Subrounded"||"82714494"|"142477600"
0|5|25|"Mixed rock fragments"|2|4|5|"Nonflat"|"Subrounded"||"82714494"|"142477601"
0|0|4|"Mixed rock fragments"|250|300|600|"Nonflat"|"Subrounded"||"82714494"|"142477602"
0|5|34|"Limestone fragments"|2|4|5|"Nonflat"|"Subrounded"||"82714499"|"142477616"
2|12|34|"Limestone fragments"|5|40|75|"Nonflat"|"Subrounded"||"82714499"|"142477617"
0|3|14|"Limestone fragments"|75|162|250|"Nonflat"|"Subrounded"||"82714499"|"142477618"
0|0|8|"Limestone fragments"|250|625|1000|"Nonflat"|"Subrounded"||"82714499"|"142477619"
0|3|14|"Limestone fragments"|75|162|250|"Nonflat"|"Subrounded"||"82714496"|"142477604"
0|5|25|"Limestone fragments"|2|4|5|"Nonflat"|"Subrounded"||"82714496"|"142477605"
0|0|8|"Limestone fragments"|250|625|1000|"Nonflat"|"Subrounded"||"82714496"|"142477606"
2|12|25|"Limestone fragments"|5|40|75|"Nonflat"|"Subrounded"||"82714496"|"142477607"
0|0|14|"Limestone fragments"|75|162|250|"Nonflat"|"Subrounded"||"82714498"|"142477612"
0|3|25|"Limestone fragments"|2|4|5|"Nonflat"|"Subrounded"||"82714498"|"142477613"
0|0|8|"Limestone fragments"|250|625|1000|"Nonflat"|"Subrounded"||"82714498"|"142477614"
2|7|25|"Limestone fragments"|5|40|75|"Nonflat"|"Subrounded"||"82714498"|"142477615"
0|0|14|"Limestone fragments"|75|162|250|"Nonflat"|"Subrounded"||"82714497"|"142477608"
0|3|25|"Limestone fragments"|2|4|5|"Nonflat"|"Subrounded"||"82714497"|"142477609"
0|0|8|"Limestone fragments"|250|625|1000|"Nonflat"|"Subrounded"||"82714497"|"142477610"
2|7|25|"Limestone fragments"|5|40|75|"Nonflat"|"Subrounded"||"82714497"|"142477611"
0|3|11||2|4|5||||"82714500"|"142477620"
3|6|11||5|40|75||||"82714500"|"142477621"
0|1|6||75|162|250||||"82714500"|"142477622"
0|0|1||250|625|1000||||"82714500"|"142477623"
0|3|6||75|162|250||||"82714502"|"142477628"
0|1|1||250|625|1000||||"82714502"|"142477629"
0|3|20||2|4|5||||"82714502"|"142477630"
3|6|23||5|40|75||||"82714502"|"142477631"
0|3|17||2|4|5||||"82714503"|"142477632"
3|6|17||5|40|75||||"82714503"|"142477633"
0|2|6||75|162|250||||"82714503"|"142477634"
0|1|1||250|625|1000||||"82714503"|"142477635"
0|6|31||2|4|5||||"82714501"|"142477624"
5|17|28||5|40|75||||"82714501"|"142477625"
0|3|6||75|162|250||||"82714501"|"142477626"
0|1|1||250|625|1000||||"82714501"|"142477627"
0|5|34|"Limestone fragments"|2|4|5|"Nonflat"|"Subrounded"|"Indurated"|"82714506"|"142477644"
2|15|34|"Limestone fragments"|5|40|75|"Nonflat"|"Subrounded"|"Indurated"|"82714506"|"142477645"
0|5|11|"Limestone fragments"|75|162|250|"Nonflat"|"Subrounded"|"Indurated"|"82714506"|"142477646"
0|0|6|"Limestone fragments"|250|425|600|"Nonflat"|"Subrounded"|"Indurated"|"82714506"|"142477647"
0|3|25|"Limestone fragments"|2|4|5|"Nonflat"|"Subrounded"|"Indurated"|"82714504"|"142477636"
2|2|25|"Limestone fragments"|5|40|75|"Nonflat"|"Subrounded"|"Indurated"|"82714504"|"142477637"
0|0|8|"Limestone fragments"|75|162|250|"Nonflat"|"Subrounded"|"Indurated"|"82714504"|"142477638"
0|0|3|"Limestone fragments"|250|425|600|"Nonflat"|"Subrounded"|"Indurated"|"82714504"|"142477639"
0|3|25|"Limestone fragments"|2|4|5|"Nonflat"|"Subrounded"|"Indurated"|"82714505"|"142477640"
2|7|25|"Limestone fragments"|5|40|75|"Nonflat"|"Subrounded"|"Indurated"|"82714505"|"142477641"
0|1|8|"Limestone fragments"|75|162|250|"Nonflat"|"Subrounded"|"Indurated"|"82714505"|"142477642"
0|0|3|"Limestone fragments"|250|425|600|"Nonflat"|"Subrounded"|"Indurated"|"82714505"|"142477643"
0|2|8|"Limestone fragments"|75|162|250|"Nonflat"|"Subrounded"|"Indurated"|"82714507"|"142477648"
0|0|3|"Limestone fragments"|250|425|600|"Nonflat"|"Subrounded"|"Indurated"|"82714507"|"142477649"
0|3|25|"Limestone fragments"|2|4|5|"Nonflat"|"Subrounded"|"Indurated"|"82714507"|"142477650"
2|10|25|"Limestone fragments"|5|40|75|"Nonflat"|"Subrounded"|"Indurated"|"82714507"|"142477651"
0|2|25|"Limestone fragments"|2|4|5|"Nonflat"|"Subrounded"|"Indurated"|"82714508"|"142477652"
2|3|25|"Limestone fragments"|5|40|75|"Nonflat"|"Subrounded"|"Indurated"|"82714508"|"142477653"
0|0|8|"Limestone fragments"|75|162|250|"Nonflat"|"Subrounded"|"Indurated"|"82714508"|"142477654"
0|0|3|"Limestone fragments"|250|425|600|"Nonflat"|"Subrounded"|"Indurated"|"82714508"|"142477655"
0|0|10||75|162|250||||"82714509"|"142477656"
1|2|20||2|4|5||||"82714509"|"142477657"
0|3|20||5|40|75||||"82714509"|"142477658"
1|3|20||2|4|5||||"82714510"|"142477659"
3|6|20||5|40|75||||"82714510"|"142477660"
0|2|10||75|162|250||||"82714510"|"142477661"
2|10|25||2|4|5||||"82714512"|"142477665"
3|15|25||5|40|75||||"82714512"|"142477666"
0|2|10||75|162|250||||"82714512"|"142477667"
1|12|20||2|4|5||||"82714511"|"142477662"
3|13|20||5|40|75||||"82714511"|"142477663"
0|2|10||75|162|250||||"82714511"|"142477664"
2|5|25|"Limestone fragments"|5|40|75|"Nonflat"|"Subrounded"||"82714516"|"142477680"
0|3|14|"Limestone fragments"|75|162|250|"Nonflat"|"Subrounded"||"82714516"|"142477681"
0|3|25|"Limestone fragments"|2|4|5|"Nonflat"|"Subrounded"||"82714516"|"142477682"
0|0|8|"Limestone fragments"|250|625|1000|"Nonflat"|"Subrounded"||"82714516"|"142477683"
0|3|14|"Limestone fragments"|75|162|250|"Nonflat"|"Subrounded"||"82714517"|"142477684"
0|3|25|"Limestone fragments"|2|4|5|"Nonflat"|"Subrounded"||"82714517"|"142477685"
0|0|8|"Limestone fragments"|250|625|1000|"Nonflat"|"Subrounded"||"82714517"|"142477686"
2|3|25|"Limestone fragments"|5|40|75|"Nonflat"|"Subrounded"||"82714517"|"142477687"
0|0|8|"Limestone fragments"|250|625|1000|"Nonflat"|"Subrounded"||"82714518"|"142477688"
0|3|25|"Limestone fragments"|2|4|5|"Nonflat"|"Subrounded"||"82714518"|"142477689"
2|3|25|"Limestone fragments"|5|40|75|"Nonflat"|"Subrounded"||"82714518"|"142477690"
0|3|14|"Limestone fragments"|75|162|250|"Nonflat"|"Subrounded"||"82714518"|"142477691"
2|2|25|"Limestone fragments"|5|40|75|"Nonflat"|"Subrounded"||"82714513"|"142477668"
0|0|14|"Limestone fragments"|75|162|250|"Nonflat"|"Subrounded"||"82714513"|"142477669"
0|0|8|"Limestone fragments"|250|625|1000|"Nonflat"|"Subrounded"||"82714513"|"142477670"
0|2|25|"Limestone fragments"|2|4|5|"Nonflat"|"Subrounded"||"82714513"|"142477671"
0|2|25|"Limestone fragments"|2|4|5|"Nonflat"|"Subrounded"||"82714514"|"142477672"
2|2|25|"Limestone fragments"|5|40|75|"Nonflat"|"Subrounded"||"82714514"|"142477673"
0|0|14|"Limestone fragments"|75|162|250|"Nonflat"|"Subrounded"||"82714514"|"142477674"
0|0|8|"Limestone fragments"|250|625|1000|"Nonflat"|"Subrounded"||"82714514"|"142477675"
0|1|14|"Limestone fragments"|75|162|250|"Nonflat"|"Subrounded"||"82714515"|"142477676"
0|1|25|"Limestone fragments"|2|4|5|"Nonflat"|"Subrounded"||"82714515"|"142477677"
0|0|8|"Limestone fragments"|250|625|1000|"Nonflat"|"Subrounded"||"82714515"|"142477678"
2|2|25|"Limestone fragments"|5|40|75|"Nonflat"|"Subrounded"||"82714515"|"142477679"
0|0|0||||||||"82714523"|"142477708"
0|0|8|"Mixed rock fragments"|250|300|600|"Nonflat"|"Subrounded"||"82714519"|"142477692"
2|5|25|"Mixed rock fragments"|5|40|75|"Nonflat"|"Subrounded"||"82714519"|"142477693"
0|0|31|"Mixed rock fragments"|2|4|5|"Nonflat"|"Subrounded"||"82714519"|"142477694"
0|0|14|"Mixed rock fragments"|75|162|250|"Nonflat"|"Subrounded"||"82714519"|"142477695"
0|0|25|"Mixed rock fragments"|2|4|5|"Nonflat"|"Subrounded"||"82714520"|"142477696"
0|0|8|"Mixed rock fragments"|250|300|600|"Nonflat"|"Subrounded"||"82714520"|"142477697"
2|7|25|"Mixed rock fragments"|5|40|75|"Nonflat"|"Subrounded"||"82714520"|"142477698"
0|0|14|"Mixed rock fragments"|75|162|250|"Nonflat"|"Subrounded"||"82714520"|"142477699"
0|0|25|"Mixed rock fragments"|2|4|5|"Nonflat"|"Subrounded"||"82714521"|"142477700"
0|0|8|"Mixed rock fragments"|250|300|600|"Nonflat"|"Subrounded"||"82714521"|"142477701"
2|7|25|"Mixed rock fragments"|5|40|75|"Nonflat"|"Subrounded"||"82714521"|"142477702"
0|0|14|"Mixed rock fragments"|75|162|250|"Nonflat"|"Subrounded"||"82714521"|"142477703"
2|13|25|"Mixed rock fragments"|5|40|75|"Nonflat"|"Subrounded"||"82714522"|"142477704"
0|7|14|"Mixed rock fragments"|75|162|250|"Nonflat"|"Subrounded"||"82714522"|"142477705"
0|5|25|"Mixed rock fragments"|2|4|5|"Nonflat"|"Subrounded"||"82714522"|"142477706"
0|0|4|"Mixed rock fragments"|250|300|600|"Nonflat"|"Subrounded"||"82714522"|"142477707"
0|5|34|"Limestone fragments"|2|4|5|"Nonflat"|"Subrounded"||"82714527"|"142477721"
2|12|34|"Limestone fragments"|5|40|75|"Nonflat"|"Subrounded"||"82714527"|"142477722"
0|3|14|"Limestone fragments"|75|162|250|"Nonflat"|"Subrounded"||"82714527"|"142477723"
0|0|8|"Limestone fragments"|250|625|1000|"Nonflat"|"Subrounded"||"82714527"|"142477724"
0|0|14|"Limestone fragments"|75|162|250|"Nonflat"|"Subrounded"||"82714526"|"142477717"
0|3|25|"Limestone fragments"|2|4|5|"Nonflat"|"Subrounded"||"82714526"|"142477718"
0|0|8|"Limestone fragments"|250|625|1000|"Nonflat"|"Subrounded"||"82714526"|"142477719"
2|7|25|"Limestone fragments"|5|40|75|"Nonflat"|"Subrounded"||"82714526"|"142477720"
0|3|14|"Limestone fragments"|75|162|250|"Nonflat"|"Subrounded"||"82714524"|"142477709"
0|5|25|"Limestone fragments"|2|4|5|"Nonflat"|"Subrounded"||"82714524"|"142477710"
0|0|8|"Limestone fragments"|250|625|1000|"Nonflat"|"Subrounded"||"82714524"|"142477711"
2|12|25|"Limestone fragments"|5|40|75|"Nonflat"|"Subrounded"||"82714524"|"142477712"
0|0|14|"Limestone fragments"|75|162|250|"Nonflat"|"Subrounded"||"82714525"|"142477713"
0|3|25|"Limestone fragments"|2|4|5|"Nonflat"|"Subrounded"||"82714525"|"142477714"
0|0|8|"Limestone fragments"|250|625|1000|"Nonflat"|"Subrounded"||"82714525"|"142477715"
2|7|25|"Limestone fragments"|5|40|75|"Nonflat"|"Subrounded"||"82714525"|"142477716"
0|2|17||2|4|5||||"82714531"|"142477737"
1|2|14||5|40|75||||"82714531"|"142477738"
6|6|14||75|162|250||||"82714531"|"142477739"
3|3|14||250|625|1000||||"82714531"|"142477740"
0|3|20||2|4|5||||"82714529"|"142477729"
3|6|23||5|40|75||||"82714529"|"142477730"
0|3|6||75|162|250||||"82714529"|"142477731"
0|1|1||250|625|1000||||"82714529"|"142477732"
0|2|6||75|162|250||||"82714530"|"142477733"
0|1|1||250|625|1000||||"82714530"|"142477734"
0|3|17||2|4|5||||"82714530"|"142477735"
3|6|17||5|40|75||||"82714530"|"142477736"
0|6|31||2|4|5||||"82714528"|"142477725"
5|17|28||5|40|75||||"82714528"|"142477726"
0|3|6||75|162|250||||"82714528"|"142477727"
0|1|1||250|625|1000||||"82714528"|"142477728"
0|5|34|"Limestone fragments"|2|4|5|"Nonflat"|"Subrounded"|"Indurated"|"82714534"|"142477749"
2|15|34|"Limestone fragments"|5|40|75|"Nonflat"|"Subrounded"|"Indurated"|"82714534"|"142477750"
0|5|11|"Limestone fragments"|75|162|250|"Nonflat"|"Subrounded"|"Indurated"|"82714534"|"142477751"
0|0|6|"Limestone fragments"|250|425|600|"Nonflat"|"Subrounded"|"Indurated"|"82714534"|"142477752"
0|3|25|"Limestone fragments"|2|4|5|"Nonflat"|"Subrounded"|"Indurated"|"82714532"|"142477741"
2|2|25|"Limestone fragments"|5|40|75|"Nonflat"|"Subrounded"|"Indurated"|"82714532"|"142477742"
0|0|8|"Limestone fragments"|75|162|250|"Nonflat"|"Subrounded"|"Indurated"|"82714532"|"142477743"
0|0|3|"Limestone fragments"|250|425|600|"Nonflat"|"Subrounded"|"Indurated"|"82714532"|"142477744"
0|3|25|"Limestone fragments"|2|4|5|"Nonflat"|"Subrounded"|"Indurated"|"82714533"|"142477745"
2|7|25|"Limestone fragments"|5|40|75|"Nonflat"|"Subrounded"|"Indurated"|"82714533"|"142477746"
0|1|8|"Limestone fragments"|75|162|250|"Nonflat"|"Subrounded"|"Indurated"|"82714533"|"142477747"
0|0|3|"Limestone fragments"|250|425|600|"Nonflat"|"Subrounded"|"Indurated"|"82714533"|"142477748"
0|2|8|"Limestone fragments"|75|162|250|"Nonflat"|"Subrounded"|"Indurated"|"82714535"|"142477753"
0|0|3|"Limestone fragments"|250|425|600|"Nonflat"|"Subrounded"|"Indurated"|"82714535"|"142477754"
0|3|25|"Limestone fragments"|2|4|5|"Nonflat"|"Subrounded"|"Indurated"|"82714535"|"142477755"
2|10|25|"Limestone fragments"|5|40|75|"Nonflat"|"Subrounded"|"Indurated"|"82714535"|"142477756"
0|2|25|"Limestone fragments"|2|4|5|"Nonflat"|"Subrounded"|"Indurated"|"82714536"|"142477757"
2|3|25|"Limestone fragments"|5|40|75|"Nonflat"|"Subrounded"|"Indurated"|"82714536"|"142477758"
0|0|8|"Limestone fragments"|75|162|250|"Nonflat"|"Subrounded"|"Indurated"|"82714536"|"142477759"
0|0|3|"Limestone fragments"|250|425|600|"Nonflat"|"Subrounded"|"Indurated"|"82714536"|"142477760"
0|0|10||75|162|250||||"82714537"|"142477761"
1|2|20||2|4|5||||"82714537"|"142477762"
0|3|20||5|40|75||||"82714537"|"142477763"
1|3|20||2|4|5||||"82714538"|"142477764"
3|6|20||5|40|75||||"82714538"|"142477765"
0|2|10||75|162|250||||"82714538"|"142477766"
2|10|25||2|4|5||||"82714540"|"142477770"
3|15|25||5|40|75||||"82714540"|"142477771"
0|2|10||75|162|250||||"82714540"|"142477772"
1|12|20||2|4|5||||"82714539"|"142477767"
3|13|20||5|40|75||||"82714539"|"142477768"
0|2|10||75|162|250||||"82714539"|"142477769"
2|5|25|"Limestone fragments"|5|40|75|"Nonflat"|"Subrounded"||"82714544"|"142477785"
0|3|14|"Limestone fragments"|75|162|250|"Nonflat"|"Subrounded"||"82714544"|"142477786"
0|3|25|"Limestone fragments"|2|4|5|"Nonflat"|"Subrounded"||"82714544"|"142477787"
0|0|8|"Limestone fragments"|250|625|1000|"Nonflat"|"Subrounded"||"82714544"|"142477788"
0|3|14|"Limestone fragments"|75|162|250|"Nonflat"|"Subrounded"||"82714545"|"142477789"
0|3|25|"Limestone fragments"|2|4|5|"Nonflat"|"Subrounded"||"82714545"|"142477790"
0|0|8|"Limestone fragments"|250|625|1000|"Nonflat"|"Subrounded"||"82714545"|"142477791"
2|3|25|"Limestone fragments"|5|40|75|"Nonflat"|"Subrounded"||"82714545"|"142477792"
0|0|8|"Limestone fragments"|250|625|1000|"Nonflat"|"Subrounded"||"82714546"|"142477793"
0|3|25|"Limestone fragments"|2|4|5|"Nonflat"|"Subrounded"||"82714546"|"142477794"
2|3|25|"Limestone fragments"|5|40|75|"Nonflat"|"Subrounded"||"82714546"|"142477795"
0|3|14|"Limestone fragments"|75|162|250|"Nonflat"|"Subrounded"||"82714546"|"142477796"
2|2|25|"Limestone fragments"|5|40|75|"Nonflat"|"Subrounded"||"82714541"|"142477773"
0|0|14|"Limestone fragments"|75|162|250|"Nonflat"|"Subrounded"||"82714541"|"142477774"
0|0|8|"Limestone fragments"|250|625|1000|"Nonflat"|"Subrounded"||"82714541"|"142477775"
0|2|25|"Limestone fragments"|2|4|5|"Nonflat"|"Subrounded"||"82714541"|"142477776"
0|2|25|"Limestone fragments"|2|4|5|"Nonflat"|"Subrounded"||"82714542"|"142477777"
2|2|25|"Limestone fragments"|5|40|75|"Nonflat"|"Subrounded"||"82714542"|"142477778"
0|0|14|"Limestone fragments"|75|162|250|"Nonflat"|"Subrounded"||"82714542"|"142477779"
0|0|8|"Limestone fragments"|250|625|1000|"Nonflat"|"Subrounded"||"82714542"|"142477780"
0|1|14|"Limestone fragments"|75|162|250|"Nonflat"|"Subrounded"||"82714543"|"142477781"
0|1|25|"Limestone fragments"|2|4|5|"Nonflat"|"Subrounded"||"82714543"|"142477782"
0|0|8|"Limestone fragments"|250|625|1000|"Nonflat"|"Subrounded"||"82714543"|"142477783"
2|2|25|"Limestone fragments"|5|40|75|"Nonflat"|"Subrounded"||"82714543"|"142477784"
0|0|0||||||||"82714551"|"142477813"
0|0|8|"Mixed rock fragments"|250|300|600|"Nonflat"|"Subrounded"||"82714547"|"142477797"
2|5|25|"Mixed rock fragments"|5|40|75|"Nonflat"|"Subrounded"||"82714547"|"142477798"
0|0|31|"Mixed rock fragments"|2|4|5|"Nonflat"|"Subrounded"||"82714547"|"142477799"
0|0|14|"Mixed rock fragments"|75|162|250|"Nonflat"|"Subrounded"||"82714547"|"142477800"
0|0|25|"Mixed rock fragments"|2|4|5|"Nonflat"|"Subrounded"||"82714548"|"142477801"
0|0|8|"Mixed rock fragments"|250|300|600|"Nonflat"|"Subrounded"||"82714548"|"142477802"
2|7|25|"Mixed rock fragments"|5|40|75|"Nonflat"|"Subrounded"||"82714548"|"142477803"
0|0|14|"Mixed rock fragments"|75|162|250|"Nonflat"|"Subrounded"||"82714548"|"142477804"
0|0|25|"Mixed rock fragments"|2|4|5|"Nonflat"|"Subrounded"||"82714549"|"142477805"
0|0|8|"Mixed rock fragments"|250|300|600|"Nonflat"|"Subrounded"||"82714549"|"142477806"
2|7|25|"Mixed rock fragments"|5|40|75|"Nonflat"|"Subrounded"||"82714549"|"142477807"
0|0|14|"Mixed rock fragments"|75|162|250|"Nonflat"|"Subrounded"||"82714549"|"142477808"
2|13|25|"Mixed rock fragments"|5|40|75|"Nonflat"|"Subrounded"||"82714550"|"142477809"
0|7|14|"Mixed rock fragments"|75|162|250|"Nonflat"|"Subrounded"||"82714550"|"142477810"
0|5|25|"Mixed rock fragments"|2|4|5|"Nonflat"|"Subrounded"||"82714550"|"142477811"
0|0|4|"Mixed rock fragments"|250|300|600|"Nonflat"|"Subrounded"||"82714550"|"142477812"
0|5|34|"Limestone fragments"|2|4|5|"Nonflat"|"Subrounded"||"82714555"|"142477826"
2|12|34|"Limestone fragments"|5|40|75|"Nonflat"|"Subrounded"||"82714555"|"142477827"
0|3|14|"Limestone fragments"|75|162|250|"Nonflat"|"Subrounded"||"82714555"|"142477828"
0|0|8|"Limestone fragments"|250|625|1000|"Nonflat"|"Subrounded"||"82714555"|"142477829"
0|0|14|"Limestone fragments"|75|162|250|"Nonflat"|"Subrounded"||"82714554"|"142477822"
0|3|25|"Limestone fragments"|2|4|5|"Nonflat"|"Subrounded"||"82714554"|"142477823"
0|0|8|"Limestone fragments"|250|625|1000|"Nonflat"|"Subrounded"||"82714554"|"142477824"
2|7|25|"Limestone fragments"|5|40|75|"Nonflat"|"Subrounded"||"82714554"|"142477825"
0|3|14|"Limestone fragments"|75|162|250|"Nonflat"|"Subrounded"||"82714552"|"142477814"
0|5|25|"Limestone fragments"|2|4|5|"Nonflat"|"Subrounded"||"82714552"|"142477815"
0|0|8|"Limestone fragments"|250|625|1000|"Nonflat"|"Subrounded"||"82714552"|"142477816"
2|12|25|"Limestone fragments"|5|40|75|"Nonflat"|"Subrounded"||"82714552"|"142477817"
0|0|14|"Limestone fragments"|75|162|250|"Nonflat"|"Subrounded"||"82714553"|"142477818"
0|3|25|"Limestone fragments"|2|4|5|"Nonflat"|"Subrounded"||"82714553"|"142477819"
0|0|8|"Limestone fragments"|250|625|1000|"Nonflat"|"Subrounded"||"82714553"|"142477820"
2|7|25|"Limestone fragments"|5|40|75|"Nonflat"|"Subrounded"||"82714553"|"142477821"
0|2|17||2|4|5||||"82714559"|"142477842"
1|2|14||5|40|75||||"82714559"|"142477843"
6|6|14||75|162|250||||"82714559"|"142477844"
3|3|14||250|625|1000||||"82714559"|"142477845"
0|3|20||2|4|5||||"82714557"|"142477834"
3|6|23||5|40|75||||"82714557"|"142477835"
0|3|6||75|162|250||||"82714557"|"142477836"
0|1|1||250|625|1000||||"82714557"|"142477837"
0|2|6||75|162|250||||"82714558"|"142477838"
0|1|1||250|625|1000||||"82714558"|"142477839"
0|3|17||2|4|5||||"82714558"|"142477840"
3|6|17||5|40|75||||"82714558"|"142477841"
5|17|28||5|40|75||||"82714556"|"142477830"
0|3|6||75|162|250||||"82714556"|"142477831"
0|1|1||250|625|1000||||"82714556"|"142477832"
0|6|31||2|4|5||||"82714556"|"142477833"
0|2|25|"Limestone fragments"|2|4|5|"Nonflat"|"Subrounded"|"Indurated"|"82714564"|"142477862"
2|3|25|"Limestone fragments"|5|40|75|"Nonflat"|"Subrounded"|"Indurated"|"82714564"|"142477863"
0|0|8|"Limestone fragments"|75|162|250|"Nonflat"|"Subrounded"|"Indurated"|"82714564"|"142477864"
0|0|3|"Limestone fragments"|250|425|600|"Nonflat"|"Subrounded"|"Indurated"|"82714564"|"142477865"
0|3|25|"Limestone fragments"|2|4|5|"Nonflat"|"Subrounded"|"Indurated"|"82714560"|"142477846"
2|2|25|"Limestone fragments"|5|40|75|"Nonflat"|"Subrounded"|"Indurated"|"82714560"|"142477847"
0|0|8|"Limestone fragments"|75|162|250|"Nonflat"|"Subrounded"|"Indurated"|"82714560"|"142477848"
0|0|3|"Limestone fragments"|250|425|600|"Nonflat"|"Subrounded"|"Indurated"|"82714560"|"142477849"
0|3|25|"Limestone fragments"|2|4|5|"Nonflat"|"Subrounded"|"Indurated"|"82714561"|"142477850"
2|7|25|"Limestone fragments"|5|40|75|"Nonflat"|"Subrounded"|"Indurated"|"82714561"|"142477851"
0|1|8|"Limestone fragments"|75|162|250|"Nonflat"|"Subrounded"|"Indurated"|"82714561"|"142477852"
0|0|3|"Limestone fragments"|250|425|600|"Nonflat"|"Subrounded"|"Indurated"|"82714561"|"142477853"
0|5|34|"Limestone fragments"|2|4|5|"Nonflat"|"Subrounded"|"Indurated"|"82714562"|"142477854"
2|15|34|"Limestone fragments"|5|40|75|"Nonflat"|"Subrounded"|"Indurated"|"82714562"|"142477855"
0|5|11|"Limestone fragments"|75|162|250|"Nonflat"|"Subrounded"|"Indurated"|"82714562"|"142477856"
0|0|6|"Limestone fragments"|250|425|600|"Nonflat"|"Subrounded"|"Indurated"|"82714562"|"142477857"
0|2|8|"Limestone fragments"|75|162|250|"Nonflat"|"Subrounded"|"Indurated"|"82714563"|"142477858"
0|0|3|"Limestone fragments"|250|425|600|"Nonflat"|"Subrounded"|"Indurated"|"82714563"|"142477859"
0|3|25|"Limestone fragments"|2|4|5|"Nonflat"|"Subrounded"|"Indurated"|"82714563"|"142477860"
2|10|25|"Limestone fragments"|5|40|75|"Nonflat"|"Subrounded"|"Indurated"|"82714563"|"142477861"
0|0|3||2|4|5||||"82714566"|"142477869"
0|0|3||2|4|5||||"82714567"|"142477870"
0|0|3||2|4|5||||"82714568"|"142477871"
0|0|3||2|4|5||||"82714579"|"142477872"
0|0|3||2|4|5||||"82714580"|"142477873"
0|0|3||2|4|5||||"82714581"|"142477874"
