0|0|0|46|69|91||"288998131"|"184893346"
51|84|117|183|183|183||"288998131"|"184893348"
46|69|91|51|84|117|"Wet"|"288998131"|"184893347"
0|0|0|46|69|91||"288998132"|"184893343"
51|84|117|183|183|183||"288998132"|"184893345"
46|69|91|51|84|117|"Wet"|"288998132"|"184893344"
0|0|0|46|69|91||"288998133"|"184893340"
51|84|117|183|183|183||"288998133"|"184893342"
46|69|91|51|84|117|"Wet"|"288998133"|"184893341"
0|0|0|46|69|91||"288998134"|"184893337"
51|84|117|183|183|183||"288998134"|"184893339"
46|69|91|51|84|117|"Wet"|"288998134"|"184893338"
0|0|0|46|69|91||"288998130"|"184893349"
51|84|117|183|183|183||"288998130"|"184893351"
46|69|91|51|84|117|"Wet"|"288998130"|"184893350"
0|0|0|46|69|91||"288998140"|"184893334"
51|84|117|183|183|183||"288998140"|"184893336"
46|69|91|51|84|117|"Wet"|"288998140"|"184893335"
0|0|0|46|69|91||"288998141"|"184893331"
51|84|117|183|183|183||"288998141"|"184893333"
46|69|91|51|84|117|"Wet"|"288998141"|"184893332"
0|0|0|15|30|46||"288998148"|"184893319"
46|72|98|183|183|183||"288998148"|"184893321"
15|30|46|46|72|98|"Wet"|"288998148"|"184893320"
0|0|0|15|30|46||"288998149"|"184893316"
46|72|98|183|183|183||"288998149"|"184893318"
15|30|46|46|72|98|"Wet"|"288998149"|"184893317"
0|0|0|15|30|46||"288998150"|"184893313"
46|72|98|183|183|183||"288998150"|"184893315"
15|30|46|46|72|98|"Wet"|"288998150"|"184893314"
0|0|0|15|30|46||"288998151"|"184893310"
46|72|98|183|183|183||"288998151"|"184893312"
15|30|46|46|72|98|"Wet"|"288998151"|"184893311"
0|0|0|15|30|46||"288998147"|"184893322"
46|72|98|183|183|183||"288998147"|"184893324"
15|30|46|46|72|98|"Wet"|"288998147"|"184893323"
0|0|0|15|30|46||"288998145"|"184893328"
46|72|98|183|183|183||"288998145"|"184893330"
15|30|46|46|72|98|"Wet"|"288998145"|"184893329"
0|0|0|15|30|46||"288998146"|"184893325"
46|72|98|183|183|183||"288998146"|"184893327"
15|30|46|46|72|98|"Wet"|"288998146"|"184893326"
0|0|15|183|183|183|"Wet"|"288998188"|"184893299"
0|0|15|183|183|183|"Wet"|"288998179"|"184893308"
0|0|15|183|183|183|"Wet"|"288998189"|"184893298"
0|0|15|183|183|183|"Wet"|"288998183"|"184893304"
0|0|15|183|183|183|"Wet"|"288998180"|"184893307"
0|0|15|183|183|183|"Wet"|"288998187"|"184893300"
0|0|15|183|183|183|"Wet"|"288998182"|"184893305"
0|0|15|183|183|183|"Wet"|"288998186"|"184893301"
0|0|15|183|183|183|"Wet"|"288998178"|"184893309"
0|0|15|183|183|183|"Wet"|"288998184"|"184893303"
0|0|15|183|183|183|"Wet"|"288998185"|"184893302"
0|0|15|183|183|183|"Wet"|"288998181"|"184893306"
0|0|0|46|69|91||"288998191"|"184893292"
51|84|117|183|183|183||"288998191"|"184893294"
46|69|91|51|84|117|"Wet"|"288998191"|"184893293"
0|0|0|46|69|91||"288998192"|"184893289"
51|84|117|183|183|183||"288998192"|"184893291"
46|69|91|51|84|117|"Wet"|"288998192"|"184893290"
0|0|0|46|69|91||"288998193"|"184893286"
51|84|117|183|183|183||"288998193"|"184893288"
46|69|91|51|84|117|"Wet"|"288998193"|"184893287"
0|0|0|46|69|91||"288998194"|"184893283"
51|84|117|183|183|183||"288998194"|"184893285"
46|69|91|51|84|117|"Wet"|"288998194"|"184893284"
0|0|0|46|69|91||"288998190"|"184893295"
51|84|117|183|183|183||"288998190"|"184893297"
46|69|91|51|84|117|"Wet"|"288998190"|"184893296"
0|0|0|46|69|91||"288998200"|"184893280"
51|84|117|183|183|183||"288998200"|"184893282"
46|69|91|51|84|117|"Wet"|"288998200"|"184893281"
0|0|0|46|69|91||"288998201"|"184893277"
51|84|117|183|183|183||"288998201"|"184893279"
46|69|91|51|84|117|"Wet"|"288998201"|"184893278"
0|0|0|15|30|46||"288998203"|"184893271"
46|72|98|183|183|183||"288998203"|"184893273"
15|30|46|46|72|98|"Wet"|"288998203"|"184893272"
0|0|0|15|30|46||"288998204"|"184893268"
46|72|98|183|183|183||"288998204"|"184893270"
15|30|46|46|72|98|"Wet"|"288998204"|"184893269"
0|0|0|15|30|46||"288998205"|"184893265"
46|72|98|183|183|183||"288998205"|"184893267"
15|30|46|46|72|98|"Wet"|"288998205"|"184893266"
0|0|0|15|30|46||"288998206"|"184893262"
46|72|98|183|183|183||"288998206"|"184893264"
15|30|46|46|72|98|"Wet"|"288998206"|"184893263"
0|0|0|15|30|46||"288998202"|"184893274"
46|72|98|183|183|183||"288998202"|"184893276"
15|30|46|46|72|98|"Wet"|"288998202"|"184893275"
0|0|0|15|30|46||"288998212"|"184893259"
46|72|98|183|183|183||"288998212"|"184893261"
15|30|46|46|72|98|"Wet"|"288998212"|"184893260"
0|0|0|15|30|46||"288998213"|"184893256"
46|72|98|183|183|183||"288998213"|"184893258"
15|30|46|46|72|98|"Wet"|"288998213"|"184893257"
0|0|15|183|183|183|"Wet"|"288998248"|"184893245"
0|0|15|183|183|183|"Wet"|"288998239"|"184893254"
0|0|15|183|183|183|"Wet"|"288998249"|"184893244"
0|0|15|183|183|183|"Wet"|"288998243"|"184893250"
0|0|15|183|183|183|"Wet"|"288998240"|"184893253"
0|0|15|183|183|183|"Wet"|"288998247"|"184893246"
0|0|15|183|183|183|"Wet"|"288998238"|"184893255"
0|0|15|183|183|183|"Wet"|"288998246"|"184893247"
0|0|15|183|183|183|"Wet"|"288998244"|"184893249"
0|0|15|183|183|183|"Wet"|"288998242"|"184893251"
0|0|15|183|183|183|"Wet"|"288998241"|"184893252"
0|0|15|183|183|183|"Wet"|"288998245"|"184893248"
0|0|0|46|69|91||"288999824"|"184894463"
51|84|117|183|183|183||"288999824"|"184894465"
46|69|91|51|84|117|"Wet"|"288999824"|"184894464"
0|0|0|46|69|91||"288999825"|"184894466"
51|84|117|183|183|183||"288999825"|"184894468"
46|69|91|51|84|117|"Wet"|"288999825"|"184894467"
0|0|0|46|69|91||"288999822"|"184894457"
51|84|117|183|183|183||"288999822"|"184894459"
46|69|91|51|84|117|"Wet"|"288999822"|"184894458"
0|0|0|46|69|91||"288999823"|"184894460"
51|84|117|183|183|183||"288999823"|"184894462"
46|69|91|51|84|117|"Wet"|"288999823"|"184894461"
0|0|0|46|69|91||"288999826"|"184894469"
51|84|117|183|183|183||"288999826"|"184894471"
46|69|91|51|84|117|"Wet"|"288999826"|"184894470"
0|0|0|46|69|91||"288999833"|"184894475"
51|84|117|183|183|183||"288999833"|"184894477"
46|69|91|51|84|117|"Wet"|"288999833"|"184894476"
0|0|0|46|69|91||"288999832"|"184894472"
51|84|117|183|183|183||"288999832"|"184894474"
46|69|91|51|84|117|"Wet"|"288999832"|"184894473"
0|0|0|15|30|46||"288999836"|"184894484"
46|72|98|183|183|183||"288999836"|"184894486"
15|30|46|46|72|98|"Wet"|"288999836"|"184894485"
0|0|0|15|30|46||"288999837"|"184894487"
46|72|98|183|183|183||"288999837"|"184894489"
15|30|46|46|72|98|"Wet"|"288999837"|"184894488"
0|0|0|15|30|46||"288999834"|"184894478"
46|72|98|183|183|183||"288999834"|"184894480"
15|30|46|46|72|98|"Wet"|"288999834"|"184894479"
0|0|0|15|30|46||"288999835"|"184894481"
46|72|98|183|183|183||"288999835"|"184894483"
15|30|46|46|72|98|"Wet"|"288999835"|"184894482"
0|0|0|15|30|46||"288999838"|"184894490"
46|72|98|183|183|183||"288999838"|"184894492"
15|30|46|46|72|98|"Wet"|"288999838"|"184894491"
0|0|0|15|30|46||"288999845"|"184894496"
46|72|98|183|183|183||"288999845"|"184894498"
15|30|46|46|72|98|"Wet"|"288999845"|"184894497"
0|0|0|15|30|46||"288999844"|"184894493"
46|72|98|183|183|183||"288999844"|"184894495"
15|30|46|46|72|98|"Wet"|"288999844"|"184894494"
0|0|15|183|183|183|"Wet"|"288999881"|"184894510"
0|0|15|183|183|183|"Wet"|"288999880"|"184894509"
0|0|15|183|183|183|"Wet"|"288999875"|"184894504"
0|0|15|183|183|183|"Wet"|"288999871"|"184894500"
0|0|15|183|183|183|"Wet"|"288999872"|"184894501"
0|0|15|183|183|183|"Wet"|"288999879"|"184894508"
0|0|15|183|183|183|"Wet"|"288999878"|"184894507"
0|0|15|183|183|183|"Wet"|"288999873"|"184894502"
0|0|15|183|183|183|"Wet"|"288999874"|"184894503"
0|0|15|183|183|183|"Wet"|"288999870"|"184894499"
0|0|15|183|183|183|"Wet"|"288999877"|"184894506"
0|0|15|183|183|183|"Wet"|"288999876"|"184894505"
0|0|0|46|69|91||"288999886"|"184894523"
51|84|117|183|183|183||"288999886"|"184894525"
46|69|91|51|84|117|"Wet"|"288999886"|"184894524"
0|0|0|46|69|91||"288999884"|"184894517"
51|84|117|183|183|183||"288999884"|"184894519"
46|69|91|51|84|117|"Wet"|"288999884"|"184894518"
0|0|0|46|69|91||"288999885"|"184894520"
51|84|117|183|183|183||"288999885"|"184894522"
46|69|91|51|84|117|"Wet"|"288999885"|"184894521"
0|0|0|46|69|91||"288999882"|"184894511"
51|84|117|183|183|183||"288999882"|"184894513"
46|69|91|51|84|117|"Wet"|"288999882"|"184894512"
0|0|0|46|69|91||"288999883"|"184894514"
51|84|117|183|183|183||"288999883"|"184894516"
46|69|91|51|84|117|"Wet"|"288999883"|"184894515"
0|0|0|46|69|91||"288999893"|"184894529"
51|84|117|183|183|183||"288999893"|"184894531"
46|69|91|51|84|117|"Wet"|"288999893"|"184894530"
0|0|0|46|69|91||"288999892"|"184894526"
51|84|117|183|183|183||"288999892"|"184894528"
46|69|91|51|84|117|"Wet"|"288999892"|"184894527"
0|0|0|15|30|46||"288999898"|"184894544"
46|72|98|183|183|183||"288999898"|"184894546"
15|30|46|46|72|98|"Wet"|"288999898"|"184894545"
0|0|0|15|30|46||"288999896"|"184894538"
46|72|98|183|183|183||"288999896"|"184894540"
15|30|46|46|72|98|"Wet"|"288999896"|"184894539"
0|0|0|15|30|46||"288999897"|"184894541"
46|72|98|183|183|183||"288999897"|"184894543"
15|30|46|46|72|98|"Wet"|"288999897"|"184894542"
0|0|0|15|30|46||"288999894"|"184894532"
46|72|98|183|183|183||"288999894"|"184894534"
15|30|46|46|72|98|"Wet"|"288999894"|"184894533"
0|0|0|15|30|46||"288999895"|"184894535"
46|72|98|183|183|183||"288999895"|"184894537"
15|30|46|46|72|98|"Wet"|"288999895"|"184894536"
0|0|0|15|30|46||"288999905"|"184894550"
46|72|98|183|183|183||"288999905"|"184894552"
15|30|46|46|72|98|"Wet"|"288999905"|"184894551"
0|0|0|15|30|46||"288999904"|"184894547"
46|72|98|183|183|183||"288999904"|"184894549"
15|30|46|46|72|98|"Wet"|"288999904"|"184894548"
0|0|15|183|183|183|"Wet"|"288999941"|"184894564"
0|0|15|183|183|183|"Wet"|"288999940"|"184894563"
0|0|15|183|183|183|"Wet"|"288999935"|"184894558"
0|0|15|183|183|183|"Wet"|"288999931"|"184894554"
0|0|15|183|183|183|"Wet"|"288999939"|"184894562"
0|0|15|183|183|183|"Wet"|"288999932"|"184894555"
0|0|15|183|183|183|"Wet"|"288999933"|"184894556"
0|0|15|183|183|183|"Wet"|"288999934"|"184894557"
0|0|15|183|183|183|"Wet"|"288999930"|"184894553"
0|0|15|183|183|183|"Wet"|"288999937"|"184894560"
0|0|15|183|183|183|"Wet"|"288999936"|"184894559"
0|0|15|183|183|183|"Wet"|"288999938"|"184894561"
0|0|0|46|69|91||"288999946"|"184894577"
51|84|117|183|183|183||"288999946"|"184894579"
46|69|91|51|84|117|"Wet"|"288999946"|"184894578"
0|0|0|46|69|91||"288999944"|"184894571"
51|84|117|183|183|183||"288999944"|"184894573"
46|69|91|51|84|117|"Wet"|"288999944"|"184894572"
0|0|0|46|69|91||"288999945"|"184894574"
51|84|117|183|183|183||"288999945"|"184894576"
46|69|91|51|84|117|"Wet"|"288999945"|"184894575"
0|0|0|46|69|91||"288999942"|"184894565"
51|84|117|183|183|183||"288999942"|"184894567"
46|69|91|51|84|117|"Wet"|"288999942"|"184894566"
0|0|0|46|69|91||"288999943"|"184894568"
51|84|117|183|183|183||"288999943"|"184894570"
46|69|91|51|84|117|"Wet"|"288999943"|"184894569"
0|0|0|46|69|91||"288999953"|"184894583"
51|84|117|183|183|183||"288999953"|"184894585"
46|69|91|51|84|117|"Wet"|"288999953"|"184894584"
0|0|0|46|69|91||"288999952"|"184894580"
51|84|117|183|183|183||"288999952"|"184894582"
46|69|91|51|84|117|"Wet"|"288999952"|"184894581"
0|0|0|15|30|46||"288999958"|"184894598"
46|72|98|183|183|183||"288999958"|"184894600"
15|30|46|46|72|98|"Wet"|"288999958"|"184894599"
0|0|0|15|30|46||"288999956"|"184894592"
46|72|98|183|183|183||"288999956"|"184894594"
15|30|46|46|72|98|"Wet"|"288999956"|"184894593"
0|0|0|15|30|46||"288999957"|"184894595"
46|72|98|183|183|183||"288999957"|"184894597"
15|30|46|46|72|98|"Wet"|"288999957"|"184894596"
0|0|0|15|30|46||"288999954"|"184894586"
46|72|98|183|183|183||"288999954"|"184894588"
15|30|46|46|72|98|"Wet"|"288999954"|"184894587"
0|0|0|15|30|46||"288999955"|"184894589"
46|72|98|183|183|183||"288999955"|"184894591"
15|30|46|46|72|98|"Wet"|"288999955"|"184894590"
0|0|0|15|30|46||"288999965"|"184894604"
46|72|98|183|183|183||"288999965"|"184894606"
15|30|46|46|72|98|"Wet"|"288999965"|"184894605"
0|0|0|15|30|46||"288999964"|"184894601"
46|72|98|183|183|183||"288999964"|"184894603"
15|30|46|46|72|98|"Wet"|"288999964"|"184894602"
0|0|15|183|183|183|"Wet"|"289000001"|"184894618"
0|0|15|183|183|183|"Wet"|"289000000"|"184894617"
0|0|15|183|183|183|"Wet"|"288999995"|"184894612"
0|0|15|183|183|183|"Wet"|"288999991"|"184894608"
0|0|15|183|183|183|"Wet"|"288999999"|"184894616"
0|0|15|183|183|183|"Wet"|"288999992"|"184894609"
0|0|15|183|183|183|"Wet"|"288999993"|"184894610"
0|0|15|183|183|183|"Wet"|"288999994"|"184894611"
0|0|15|183|183|183|"Wet"|"288999990"|"184894607"
0|0|15|183|183|183|"Wet"|"288999997"|"184894614"
0|0|15|183|183|183|"Wet"|"288999996"|"184894613"
0|0|15|183|183|183|"Wet"|"288999998"|"184894615"
0|0|0|46|69|91||"289000006"|"184894631"
51|84|117|183|183|183||"289000006"|"184894633"
46|69|91|51|84|117|"Wet"|"289000006"|"184894632"
0|0|0|46|69|91||"289000004"|"184894625"
51|84|117|183|183|183||"289000004"|"184894627"
46|69|91|51|84|117|"Wet"|"289000004"|"184894626"
0|0|0|46|69|91||"289000005"|"184894628"
51|84|117|183|183|183||"289000005"|"184894630"
46|69|91|51|84|117|"Wet"|"289000005"|"184894629"
0|0|0|46|69|91||"289000002"|"184894619"
51|84|117|183|183|183||"289000002"|"184894621"
46|69|91|51|84|117|"Wet"|"289000002"|"184894620"
0|0|0|46|69|91||"289000003"|"184894622"
51|84|117|183|183|183||"289000003"|"184894624"
46|69|91|51|84|117|"Wet"|"289000003"|"184894623"
0|0|0|46|69|91||"289000013"|"184894637"
51|84|117|183|183|183||"289000013"|"184894639"
46|69|91|51|84|117|"Wet"|"289000013"|"184894638"
0|0|0|46|69|91||"289000012"|"184894634"
51|84|117|183|183|183||"289000012"|"184894636"
46|69|91|51|84|117|"Wet"|"289000012"|"184894635"
0|0|0|15|30|46||"289000018"|"184894652"
46|72|98|183|183|183||"289000018"|"184894654"
15|30|46|46|72|98|"Wet"|"289000018"|"184894653"
0|0|0|15|30|46||"289000016"|"184894646"
46|72|98|183|183|183||"289000016"|"184894648"
15|30|46|46|72|98|"Wet"|"289000016"|"184894647"
0|0|0|15|30|46||"289000017"|"184894649"
46|72|98|183|183|183||"289000017"|"184894651"
15|30|46|46|72|98|"Wet"|"289000017"|"184894650"
0|0|0|15|30|46||"289000014"|"184894640"
46|72|98|183|183|183||"289000014"|"184894642"
15|30|46|46|72|98|"Wet"|"289000014"|"184894641"
0|0|0|15|30|46||"289000015"|"184894643"
46|72|98|183|183|183||"289000015"|"184894645"
15|30|46|46|72|98|"Wet"|"289000015"|"184894644"
0|0|0|15|30|46||"289000025"|"184894658"
46|72|98|183|183|183||"289000025"|"184894660"
15|30|46|46|72|98|"Wet"|"289000025"|"184894659"
0|0|0|15|30|46||"289000024"|"184894655"
46|72|98|183|183|183||"289000024"|"184894657"
15|30|46|46|72|98|"Wet"|"289000024"|"184894656"
0|0|15|183|183|183|"Wet"|"289000061"|"184894672"
0|0|15|183|183|183|"Wet"|"289000060"|"184894671"
0|0|15|183|183|183|"Wet"|"289000055"|"184894666"
0|0|15|183|183|183|"Wet"|"289000051"|"184894662"
0|0|15|183|183|183|"Wet"|"289000052"|"184894663"
0|0|15|183|183|183|"Wet"|"289000059"|"184894670"
0|0|15|183|183|183|"Wet"|"289000054"|"184894665"
0|0|15|183|183|183|"Wet"|"289000053"|"184894664"
0|0|15|183|183|183|"Wet"|"289000050"|"184894661"
0|0|15|183|183|183|"Wet"|"289000057"|"184894668"
0|0|15|183|183|183|"Wet"|"289000056"|"184894667"
0|0|15|183|183|183|"Wet"|"289000058"|"184894669"
0|0|0|46|69|91||"288998252"|"184893235"
51|84|117|183|183|183||"288998252"|"184893237"
46|69|91|51|84|117|"Wet"|"288998252"|"184893236"
0|0|0|46|69|91||"288998251"|"184893238"
51|84|117|183|183|183||"288998251"|"184893240"
46|69|91|51|84|117|"Wet"|"288998251"|"184893239"
0|0|0|46|69|91||"288998254"|"184893229"
51|84|117|183|183|183||"288998254"|"184893231"
46|69|91|51|84|117|"Wet"|"288998254"|"184893230"
0|0|0|46|69|91||"288998253"|"184893232"
51|84|117|183|183|183||"288998253"|"184893234"
46|69|91|51|84|117|"Wet"|"288998253"|"184893233"
0|0|0|46|69|91||"288998250"|"184893241"
51|84|117|183|183|183||"288998250"|"184893243"
46|69|91|51|84|117|"Wet"|"288998250"|"184893242"
0|0|0|46|69|91||"288998260"|"184893226"
51|84|117|183|183|183||"288998260"|"184893228"
46|69|91|51|84|117|"Wet"|"288998260"|"184893227"
0|0|0|46|69|91||"288998261"|"184893223"
51|84|117|183|183|183||"288998261"|"184893225"
46|69|91|51|84|117|"Wet"|"288998261"|"184893224"
0|0|0|15|23|30||"288998269"|"184893213"
15|23|30|183|183|183|"Wet"|"288998269"|"184893214"
0|0|0|15|23|30||"288998265"|"184893217"
15|23|30|183|183|183|"Wet"|"288998265"|"184893218"
0|0|0|15|23|30||"288998270"|"184893211"
15|23|30|183|183|183|"Wet"|"288998270"|"184893212"
0|0|0|15|23|30||"288998262"|"184893221"
15|23|30|183|183|183|"Wet"|"288998262"|"184893222"
0|0|0|15|23|30||"288998266"|"184893215"
15|23|30|183|183|183|"Wet"|"288998266"|"184893216"
0|0|0|15|23|30||"288998271"|"184893209"
15|23|30|183|183|183|"Wet"|"288998271"|"184893210"
0|0|0|15|23|30||"288998272"|"184893207"
15|23|30|183|183|183|"Wet"|"288998272"|"184893208"
0|0|0|15|23|30||"288998264"|"184893219"
15|23|30|183|183|183|"Wet"|"288998264"|"184893220"
0|0|0|15|30|46||"288998279"|"184893192"
46|72|98|183|183|183||"288998279"|"184893194"
15|30|46|46|72|98|"Wet"|"288998279"|"184893193"
0|0|0|15|30|46||"288998278"|"184893195"
46|72|98|183|183|183||"288998278"|"184893197"
15|30|46|46|72|98|"Wet"|"288998278"|"184893196"
0|0|0|15|30|46||"288998281"|"184893186"
46|72|98|183|183|183||"288998281"|"184893188"
15|30|46|46|72|98|"Wet"|"288998281"|"184893187"
0|0|0|15|30|46||"288998280"|"184893189"
46|72|98|183|183|183||"288998280"|"184893191"
15|30|46|46|72|98|"Wet"|"288998280"|"184893190"
0|0|0|15|30|46||"288998277"|"184893198"
46|72|98|183|183|183||"288998277"|"184893200"
15|30|46|46|72|98|"Wet"|"288998277"|"184893199"
0|0|0|15|30|46||"288998275"|"184893204"
46|72|98|183|183|183||"288998275"|"184893206"
15|30|46|46|72|98|"Wet"|"288998275"|"184893205"
0|0|0|15|30|46||"288998276"|"184893201"
46|72|98|183|183|183||"288998276"|"184893203"
15|30|46|46|72|98|"Wet"|"288998276"|"184893202"
0|0|0|46|69|91||"288998312"|"184893177"
51|84|117|183|183|183||"288998312"|"184893179"
46|69|91|51|84|117|"Wet"|"288998312"|"184893178"
0|0|0|46|69|91||"288998311"|"184893180"
51|84|117|183|183|183||"288998311"|"184893182"
46|69|91|51|84|117|"Wet"|"288998311"|"184893181"
0|0|0|46|69|91||"288998314"|"184893171"
51|84|117|183|183|183||"288998314"|"184893173"
46|69|91|51|84|117|"Wet"|"288998314"|"184893172"
0|0|0|46|69|91||"288998313"|"184893174"
51|84|117|183|183|183||"288998313"|"184893176"
46|69|91|51|84|117|"Wet"|"288998313"|"184893175"
0|0|0|46|69|91||"288998310"|"184893183"
51|84|117|183|183|183||"288998310"|"184893185"
46|69|91|51|84|117|"Wet"|"288998310"|"184893184"
0|0|0|46|69|91||"288998320"|"184893168"
51|84|117|183|183|183||"288998320"|"184893170"
46|69|91|51|84|117|"Wet"|"288998320"|"184893169"
0|0|0|46|69|91||"288998321"|"184893165"
51|84|117|183|183|183||"288998321"|"184893167"
46|69|91|51|84|117|"Wet"|"288998321"|"184893166"
0|0|0|15|23|30||"288998329"|"184893155"
15|23|30|183|183|183|"Wet"|"288998329"|"184893156"
0|0|0|15|23|30||"288998325"|"184893159"
15|23|30|183|183|183|"Wet"|"288998325"|"184893160"
0|0|0|15|23|30||"288998330"|"184893153"
15|23|30|183|183|183|"Wet"|"288998330"|"184893154"
0|0|0|15|23|30||"288998322"|"184893163"
15|23|30|183|183|183|"Wet"|"288998322"|"184893164"
0|0|0|15|23|30||"288998326"|"184893157"
15|23|30|183|183|183|"Wet"|"288998326"|"184893158"
0|0|0|15|23|30||"288998331"|"184893151"
15|23|30|183|183|183|"Wet"|"288998331"|"184893152"
0|0|0|15|23|30||"288998332"|"184893149"
15|23|30|183|183|183|"Wet"|"288998332"|"184893150"
0|0|0|15|23|30||"288998324"|"184893161"
15|23|30|183|183|183|"Wet"|"288998324"|"184893162"
0|0|0|15|30|46||"288998336"|"184893140"
46|72|98|183|183|183||"288998336"|"184893142"
15|30|46|46|72|98|"Wet"|"288998336"|"184893141"
0|0|0|15|30|46||"288998335"|"184893143"
46|72|98|183|183|183||"288998335"|"184893145"
15|30|46|46|72|98|"Wet"|"288998335"|"184893144"
0|0|0|15|30|46||"288998338"|"184893134"
46|72|98|183|183|183||"288998338"|"184893136"
15|30|46|46|72|98|"Wet"|"288998338"|"184893135"
0|0|0|15|30|46||"288998337"|"184893137"
46|72|98|183|183|183||"288998337"|"184893139"
15|30|46|46|72|98|"Wet"|"288998337"|"184893138"
0|0|0|15|30|46||"288998334"|"184893146"
46|72|98|183|183|183||"288998334"|"184893148"
15|30|46|46|72|98|"Wet"|"288998334"|"184893147"
0|0|0|15|30|46||"288998344"|"184893131"
46|72|98|183|183|183||"288998344"|"184893133"
15|30|46|46|72|98|"Wet"|"288998344"|"184893132"
0|0|0|15|30|46||"288998345"|"184893128"
46|72|98|183|183|183||"288998345"|"184893130"
15|30|46|46|72|98|"Wet"|"288998345"|"184893129"
0|0|0|46|69|91||"288998444"|"184893061"
51|84|117|183|183|183||"288998444"|"184893063"
46|69|91|51|84|117|"Wet"|"288998444"|"184893062"
0|0|0|46|69|91||"288998443"|"184893064"
51|84|117|183|183|183||"288998443"|"184893066"
46|69|91|51|84|117|"Wet"|"288998443"|"184893065"
0|0|0|46|69|91||"288998446"|"184893055"
51|84|117|183|183|183||"288998446"|"184893057"
46|69|91|51|84|117|"Wet"|"288998446"|"184893056"
0|0|0|46|69|91||"288998445"|"184893058"
51|84|117|183|183|183||"288998445"|"184893060"
46|69|91|51|84|117|"Wet"|"288998445"|"184893059"
0|0|0|46|69|91||"288998442"|"184893067"
51|84|117|183|183|183||"288998442"|"184893069"
46|69|91|51|84|117|"Wet"|"288998442"|"184893068"
0|0|0|46|69|91||"288998452"|"184893052"
51|84|117|183|183|183||"288998452"|"184893054"
46|69|91|51|84|117|"Wet"|"288998452"|"184893053"
0|0|0|46|69|91||"288998453"|"184893049"
51|84|117|183|183|183||"288998453"|"184893051"
46|69|91|51|84|117|"Wet"|"288998453"|"184893050"
0|0|0|15|23|30||"288998461"|"184893039"
15|23|30|183|183|183|"Wet"|"288998461"|"184893040"
0|0|0|15|23|30||"288998457"|"184893043"
15|23|30|183|183|183|"Wet"|"288998457"|"184893044"
0|0|0|15|23|30||"288998462"|"184893037"
15|23|30|183|183|183|"Wet"|"288998462"|"184893038"
0|0|0|15|23|30||"288998454"|"184893047"
15|23|30|183|183|183|"Wet"|"288998454"|"184893048"
0|0|0|15|23|30||"288998458"|"184893041"
15|23|30|183|183|183|"Wet"|"288998458"|"184893042"
0|0|0|15|23|30||"288998463"|"184893035"
15|23|30|183|183|183|"Wet"|"288998463"|"184893036"
0|0|0|15|23|30||"288998464"|"184893033"
15|23|30|183|183|183|"Wet"|"288998464"|"184893034"
0|0|0|15|23|30||"288998456"|"184893045"
15|23|30|183|183|183|"Wet"|"288998456"|"184893046"
0|0|0|15|30|46||"288998468"|"184893024"
46|72|98|183|183|183||"288998468"|"184893026"
15|30|46|46|72|98|"Wet"|"288998468"|"184893025"
0|0|0|15|30|46||"288998467"|"184893027"
46|72|98|183|183|183||"288998467"|"184893029"
15|30|46|46|72|98|"Wet"|"288998467"|"184893028"
0|0|0|15|30|46||"288998470"|"184893018"
46|72|98|183|183|183||"288998470"|"184893020"
15|30|46|46|72|98|"Wet"|"288998470"|"184893019"
0|0|0|15|30|46||"288998469"|"184893021"
46|72|98|183|183|183||"288998469"|"184893023"
15|30|46|46|72|98|"Wet"|"288998469"|"184893022"
0|0|0|15|30|46||"288998466"|"184893030"
46|72|98|183|183|183||"288998466"|"184893032"
15|30|46|46|72|98|"Wet"|"288998466"|"184893031"
0|0|0|15|30|46||"288998476"|"184893015"
46|72|98|183|183|183||"288998476"|"184893017"
15|30|46|46|72|98|"Wet"|"288998476"|"184893016"
0|0|0|15|30|46||"288998477"|"184893012"
46|72|98|183|183|183||"288998477"|"184893014"
15|30|46|46|72|98|"Wet"|"288998477"|"184893013"
0|0|0|46|69|91||"288998516"|"184892997"
51|84|117|183|183|183||"288998516"|"184892999"
46|69|91|51|84|117|"Wet"|"288998516"|"184892998"
0|0|0|46|69|91||"288998515"|"184892994"
51|84|117|183|183|183||"288998515"|"184892996"
46|69|91|51|84|117|"Wet"|"288998515"|"184892995"
0|0|0|46|69|91||"288998518"|"184893003"
51|84|117|183|183|183||"288998518"|"184893005"
46|69|91|51|84|117|"Wet"|"288998518"|"184893004"
0|0|0|46|69|91||"288998517"|"184893000"
51|84|117|183|183|183||"288998517"|"184893002"
46|69|91|51|84|117|"Wet"|"288998517"|"184893001"
0|0|0|46|69|91||"288998514"|"184892991"
51|84|117|183|183|183||"288998514"|"184892993"
46|69|91|51|84|117|"Wet"|"288998514"|"184892992"
0|0|0|46|69|91||"288998524"|"184893006"
51|84|117|183|183|183||"288998524"|"184893008"
46|69|91|51|84|117|"Wet"|"288998524"|"184893007"
0|0|0|46|69|91||"288998525"|"184893009"
51|84|117|183|183|183||"288998525"|"184893011"
46|69|91|51|84|117|"Wet"|"288998525"|"184893010"
0|0|0|15|23|30||"288998533"|"184893360"
15|23|30|183|183|183|"Wet"|"288998533"|"184893361"
0|0|0|15|23|30||"288998529"|"184893356"
15|23|30|183|183|183|"Wet"|"288998529"|"184893357"
0|0|0|15|23|30||"288998534"|"184893362"
15|23|30|183|183|183|"Wet"|"288998534"|"184893363"
0|0|0|15|23|30||"288998526"|"184893352"
15|23|30|183|183|183|"Wet"|"288998526"|"184893353"
0|0|0|15|23|30||"288998530"|"184893358"
15|23|30|183|183|183|"Wet"|"288998530"|"184893359"
0|0|0|15|23|30||"288998535"|"184893364"
15|23|30|183|183|183|"Wet"|"288998535"|"184893365"
0|0|0|15|23|30||"288998536"|"184893366"
15|23|30|183|183|183|"Wet"|"288998536"|"184893367"
0|0|0|15|23|30||"288998528"|"184893354"
15|23|30|183|183|183|"Wet"|"288998528"|"184893355"
0|0|0|15|30|46||"288998540"|"184893374"
46|72|98|183|183|183||"288998540"|"184893376"
15|30|46|46|72|98|"Wet"|"288998540"|"184893375"
0|0|0|15|30|46||"288998539"|"184893371"
46|72|98|183|183|183||"288998539"|"184893373"
15|30|46|46|72|98|"Wet"|"288998539"|"184893372"
0|0|0|15|30|46||"288998542"|"184893380"
46|72|98|183|183|183||"288998542"|"184893382"
15|30|46|46|72|98|"Wet"|"288998542"|"184893381"
0|0|0|15|30|46||"288998541"|"184893377"
46|72|98|183|183|183||"288998541"|"184893379"
15|30|46|46|72|98|"Wet"|"288998541"|"184893378"
0|0|0|15|30|46||"288998538"|"184893368"
46|72|98|183|183|183||"288998538"|"184893370"
15|30|46|46|72|98|"Wet"|"288998538"|"184893369"
0|0|0|15|30|46||"288998548"|"184893383"
46|72|98|183|183|183||"288998548"|"184893385"
15|30|46|46|72|98|"Wet"|"288998548"|"184893384"
0|0|0|15|30|46||"288998549"|"184893386"
46|72|98|183|183|183||"288998549"|"184893388"
15|30|46|46|72|98|"Wet"|"288998549"|"184893387"
0|0|0|46|69|91||"288998588"|"184893395"
51|84|117|183|183|183||"288998588"|"184893397"
46|69|91|51|84|117|"Wet"|"288998588"|"184893396"
0|0|0|46|69|91||"288998587"|"184893392"
51|84|117|183|183|183||"288998587"|"184893394"
46|69|91|51|84|117|"Wet"|"288998587"|"184893393"
0|0|0|46|69|91||"288998590"|"184893401"
51|84|117|183|183|183||"288998590"|"184893403"
46|69|91|51|84|117|"Wet"|"288998590"|"184893402"
0|0|0|46|69|91||"288998589"|"184893398"
51|84|117|183|183|183||"288998589"|"184893400"
46|69|91|51|84|117|"Wet"|"288998589"|"184893399"
0|0|0|46|69|91||"288998586"|"184893389"
51|84|117|183|183|183||"288998586"|"184893391"
46|69|91|51|84|117|"Wet"|"288998586"|"184893390"
0|0|0|46|69|91||"288998596"|"184893404"
51|84|117|183|183|183||"288998596"|"184893406"
46|69|91|51|84|117|"Wet"|"288998596"|"184893405"
0|0|0|46|69|91||"288998597"|"184893407"
51|84|117|183|183|183||"288998597"|"184893409"
46|69|91|51|84|117|"Wet"|"288998597"|"184893408"
0|0|0|15|23|30||"288998605"|"184893418"
15|23|30|183|183|183|"Wet"|"288998605"|"184893419"
0|0|0|15|23|30||"288998601"|"184893414"
15|23|30|183|183|183|"Wet"|"288998601"|"184893415"
0|0|0|15|23|30||"288998606"|"184893420"
15|23|30|183|183|183|"Wet"|"288998606"|"184893421"
0|0|0|15|23|30||"288998598"|"184893410"
15|23|30|183|183|183|"Wet"|"288998598"|"184893411"
0|0|0|15|23|30||"288998602"|"184893416"
15|23|30|183|183|183|"Wet"|"288998602"|"184893417"
0|0|0|15|23|30||"288998607"|"184893422"
15|23|30|183|183|183|"Wet"|"288998607"|"184893423"
0|0|0|15|23|30||"288998608"|"184893424"
15|23|30|183|183|183|"Wet"|"288998608"|"184893425"
0|0|0|15|23|30||"288998600"|"184893412"
15|23|30|183|183|183|"Wet"|"288998600"|"184893413"
0|0|0|15|30|46||"288998612"|"184893432"
46|72|98|183|183|183||"288998612"|"184893434"
15|30|46|46|72|98|"Wet"|"288998612"|"184893433"
0|0|0|15|30|46||"288998611"|"184893429"
46|72|98|183|183|183||"288998611"|"184893431"
15|30|46|46|72|98|"Wet"|"288998611"|"184893430"
0|0|0|15|30|46||"288998614"|"184893438"
46|72|98|183|183|183||"288998614"|"184893440"
15|30|46|46|72|98|"Wet"|"288998614"|"184893439"
0|0|0|15|30|46||"288998613"|"184893435"
46|72|98|183|183|183||"288998613"|"184893437"
15|30|46|46|72|98|"Wet"|"288998613"|"184893436"
0|0|0|15|30|46||"288998610"|"184893426"
46|72|98|183|183|183||"288998610"|"184893428"
15|30|46|46|72|98|"Wet"|"288998610"|"184893427"
0|0|0|15|30|46||"288998620"|"184893441"
46|72|98|183|183|183||"288998620"|"184893443"
15|30|46|46|72|98|"Wet"|"288998620"|"184893442"
0|0|0|15|30|46||"288998621"|"184893444"
46|72|98|183|183|183||"288998621"|"184893446"
15|30|46|46|72|98|"Wet"|"288998621"|"184893445"
0|0|0|46|69|91||"288998660"|"184893453"
51|84|117|183|183|183||"288998660"|"184893455"
46|69|91|51|84|117|"Wet"|"288998660"|"184893454"
0|0|0|46|69|91||"288998659"|"184893450"
51|84|117|183|183|183||"288998659"|"184893452"
46|69|91|51|84|117|"Wet"|"288998659"|"184893451"
0|0|0|46|69|91||"288998662"|"184893459"
51|84|117|183|183|183||"288998662"|"184893461"
46|69|91|51|84|117|"Wet"|"288998662"|"184893460"
0|0|0|46|69|91||"288998661"|"184893456"
51|84|117|183|183|183||"288998661"|"184893458"
46|69|91|51|84|117|"Wet"|"288998661"|"184893457"
0|0|0|46|69|91||"288998658"|"184893447"
51|84|117|183|183|183||"288998658"|"184893449"
46|69|91|51|84|117|"Wet"|"288998658"|"184893448"
0|0|0|46|69|91||"288998668"|"184893462"
51|84|117|183|183|183||"288998668"|"184893464"
46|69|91|51|84|117|"Wet"|"288998668"|"184893463"
0|0|0|46|69|91||"288998669"|"184893465"
51|84|117|183|183|183||"288998669"|"184893467"
46|69|91|51|84|117|"Wet"|"288998669"|"184893466"
0|0|0|15|23|30||"288998677"|"184893476"
15|23|30|183|183|183|"Wet"|"288998677"|"184893477"
0|0|0|15|23|30||"288998673"|"184893472"
15|23|30|183|183|183|"Wet"|"288998673"|"184893473"
0|0|0|15|23|30||"288998678"|"184893478"
15|23|30|183|183|183|"Wet"|"288998678"|"184893479"
0|0|0|15|23|30||"288998670"|"184893468"
15|23|30|183|183|183|"Wet"|"288998670"|"184893469"
0|0|0|15|23|30||"288998674"|"184893474"
15|23|30|183|183|183|"Wet"|"288998674"|"184893475"
0|0|0|15|23|30||"288998679"|"184893480"
15|23|30|183|183|183|"Wet"|"288998679"|"184893481"
0|0|0|15|23|30||"288998680"|"184893482"
15|23|30|183|183|183|"Wet"|"288998680"|"184893483"
0|0|0|15|23|30||"288998672"|"184893470"
15|23|30|183|183|183|"Wet"|"288998672"|"184893471"
0|0|0|15|30|46||"288998684"|"184893490"
46|72|98|183|183|183||"288998684"|"184893492"
15|30|46|46|72|98|"Wet"|"288998684"|"184893491"
0|0|0|15|30|46||"288998683"|"184893487"
46|72|98|183|183|183||"288998683"|"184893489"
15|30|46|46|72|98|"Wet"|"288998683"|"184893488"
0|0|0|15|30|46||"288998686"|"184893496"
46|72|98|183|183|183||"288998686"|"184893498"
15|30|46|46|72|98|"Wet"|"288998686"|"184893497"
0|0|0|15|30|46||"288998685"|"184893493"
46|72|98|183|183|183||"288998685"|"184893495"
15|30|46|46|72|98|"Wet"|"288998685"|"184893494"
0|0|0|15|30|46||"288998682"|"184893484"
46|72|98|183|183|183||"288998682"|"184893486"
15|30|46|46|72|98|"Wet"|"288998682"|"184893485"
0|0|0|15|30|46||"288998692"|"184893499"
46|72|98|183|183|183||"288998692"|"184893501"
15|30|46|46|72|98|"Wet"|"288998692"|"184893500"
0|0|0|15|30|46||"288998693"|"184893502"
46|72|98|183|183|183||"288998693"|"184893504"
15|30|46|46|72|98|"Wet"|"288998693"|"184893503"
15|23|30|183|183|183|"Wet"|"288999001"|"184893770"
0|0|0|15|23|30||"288999001"|"184893769"
15|23|30|183|183|183|"Wet"|"288998997"|"184893766"
0|0|0|15|23|30||"288998997"|"184893765"
15|23|30|183|183|183|"Wet"|"288999002"|"184893772"
0|0|0|15|23|30||"288999002"|"184893771"
15|23|30|183|183|183|"Wet"|"288998994"|"184893762"
0|0|0|15|23|30||"288998994"|"184893761"
15|23|30|183|183|183|"Wet"|"288998998"|"184893768"
0|0|0|15|23|30||"288998998"|"184893767"
15|23|30|183|183|183|"Wet"|"288999003"|"184893774"
0|0|0|15|23|30||"288999003"|"184893773"
15|23|30|183|183|183|"Wet"|"288999004"|"184893776"
0|0|0|15|23|30||"288999004"|"184893775"
15|23|30|183|183|183|"Wet"|"288998996"|"184893764"
0|0|0|15|23|30||"288998996"|"184893763"
0|0|15|183|183|183|"Wet"|"288999013"|"184893784"
0|0|15|183|183|183|"Wet"|"288999009"|"184893780"
0|0|15|183|183|183|"Wet"|"288999014"|"184893785"
0|0|15|183|183|183|"Wet"|"288999006"|"184893777"
0|0|15|183|183|183|"Wet"|"288999011"|"184893782"
0|0|15|183|183|183|"Wet"|"288999012"|"184893783"
0|0|15|183|183|183|"Wet"|"288999010"|"184893781"
0|0|15|183|183|183|"Wet"|"288999017"|"184893788"
0|0|15|183|183|183|"Wet"|"288999007"|"184893778"
0|0|15|183|183|183|"Wet"|"288999015"|"184893786"
0|0|15|183|183|183|"Wet"|"288999016"|"184893787"
0|0|15|183|183|183|"Wet"|"288999008"|"184893779"
0|0|0|30|61|91||"288999025"|"184893797"
30|61|91|183|183|183|"Wet"|"288999025"|"184893798"
0|0|0|30|61|91||"288999021"|"184893793"
30|61|91|183|183|183|"Wet"|"288999021"|"184893794"
0|0|0|30|61|91||"288999026"|"184893799"
30|61|91|183|183|183|"Wet"|"288999026"|"184893800"
0|0|0|30|61|91||"288999018"|"184893789"
30|61|91|183|183|183|"Wet"|"288999018"|"184893790"
0|0|0|30|61|91||"288999022"|"184893795"
30|61|91|183|183|183|"Wet"|"288999022"|"184893796"
0|0|0|30|61|91||"288999020"|"184893791"
30|61|91|183|183|183|"Wet"|"288999020"|"184893792"
0|0|0|15|23|30||"288999037"|"184893809"
15|23|30|183|183|183|"Wet"|"288999037"|"184893810"
0|0|0|15|23|30||"288999033"|"184893805"
15|23|30|183|183|183|"Wet"|"288999033"|"184893806"
0|0|0|15|23|30||"288999038"|"184893811"
15|23|30|183|183|183|"Wet"|"288999038"|"184893812"
0|0|0|15|23|30||"288999030"|"184893801"
15|23|30|183|183|183|"Wet"|"288999030"|"184893802"
0|0|0|15|23|30||"288999034"|"184893807"
15|23|30|183|183|183|"Wet"|"288999034"|"184893808"
0|0|0|15|23|30||"288999039"|"184893813"
15|23|30|183|183|183|"Wet"|"288999039"|"184893814"
0|0|0|15|23|30||"288999040"|"184893815"
15|23|30|183|183|183|"Wet"|"288999040"|"184893816"
0|0|0|15|23|30||"288999032"|"184893803"
15|23|30|183|183|183|"Wet"|"288999032"|"184893804"
0|0|15|183|183|183|"Wet"|"288999049"|"184893824"
0|0|15|183|183|183|"Wet"|"288999045"|"184893820"
0|0|15|183|183|183|"Wet"|"288999050"|"184893825"
0|0|15|183|183|183|"Wet"|"288999042"|"184893817"
0|0|15|183|183|183|"Wet"|"288999047"|"184893822"
0|0|15|183|183|183|"Wet"|"288999048"|"184893823"
0|0|15|183|183|183|"Wet"|"288999046"|"184893821"
0|0|15|183|183|183|"Wet"|"288999053"|"184893828"
0|0|15|183|183|183|"Wet"|"288999043"|"184893818"
0|0|15|183|183|183|"Wet"|"288999051"|"184893826"
0|0|15|183|183|183|"Wet"|"288999052"|"184893827"
0|0|15|183|183|183|"Wet"|"288999044"|"184893819"
0|0|0|30|61|91||"288999061"|"184893837"
30|61|91|183|183|183|"Wet"|"288999061"|"184893838"
0|0|0|30|61|91||"288999057"|"184893833"
30|61|91|183|183|183|"Wet"|"288999057"|"184893834"
0|0|0|30|61|91||"288999062"|"184893839"
30|61|91|183|183|183|"Wet"|"288999062"|"184893840"
0|0|0|30|61|91||"288999054"|"184893829"
30|61|91|183|183|183|"Wet"|"288999054"|"184893830"
0|0|0|30|61|91||"288999058"|"184893835"
30|61|91|183|183|183|"Wet"|"288999058"|"184893836"
0|0|0|30|61|91||"288999056"|"184893831"
30|61|91|183|183|183|"Wet"|"288999056"|"184893832"
61|84|107|183|183|183||"288999068"|"184893847"
0|0|0|46|69|91||"288999068"|"184893848"
46|69|91|61|84|107|"Wet"|"288999068"|"184893849"
61|84|107|183|183|183||"288999067"|"184893844"
0|0|0|46|69|91||"288999067"|"184893845"
46|69|91|61|84|107|"Wet"|"288999067"|"184893846"
61|84|107|183|183|183||"288999070"|"184893853"
0|0|0|46|69|91||"288999070"|"184893854"
46|69|91|61|84|107|"Wet"|"288999070"|"184893855"
61|84|107|183|183|183||"288999069"|"184893850"
0|0|0|46|69|91||"288999069"|"184893851"
46|69|91|61|84|107|"Wet"|"288999069"|"184893852"
0|0|0|46|69|91||"288999066"|"184893841"
61|84|107|183|183|183||"288999066"|"184893843"
46|69|91|61|84|107|"Wet"|"288999066"|"184893842"
61|84|107|183|183|183||"288999076"|"184893856"
0|0|0|46|69|91||"288999076"|"184893857"
46|69|91|61|84|107|"Wet"|"288999076"|"184893858"
0|0|0|46|69|91||"288999077"|"184893859"
61|84|107|183|183|183||"288999077"|"184893861"
46|69|91|61|84|107|"Wet"|"288999077"|"184893860"
0|0|0|0|23|46||"288999109"|"184893870"
0|23|46|183|183|183|"Wet"|"288999109"|"184893871"
0|0|0|0|23|46||"288999105"|"184893866"
0|23|46|183|183|183|"Wet"|"288999105"|"184893867"
0|0|0|0|23|46||"288999110"|"184893872"
0|23|46|183|183|183|"Wet"|"288999110"|"184893873"
0|0|0|0|23|46||"288999102"|"184893862"
0|23|46|183|183|183|"Wet"|"288999102"|"184893863"
0|0|0|0|23|46||"288999106"|"184893868"
0|23|46|183|183|183|"Wet"|"288999106"|"184893869"
0|0|0|0|23|46||"288999111"|"184893874"
0|23|46|183|183|183|"Wet"|"288999111"|"184893875"
0|0|0|0|23|46||"288999104"|"184893864"
0|23|46|183|183|183|"Wet"|"288999104"|"184893865"
61|84|107|183|183|183||"288999248"|"184893974"
0|0|0|46|69|91||"288999248"|"184893975"
46|69|91|61|84|107|"Wet"|"288999248"|"184893976"
61|84|107|183|183|183||"288999247"|"184893971"
0|0|0|46|69|91||"288999247"|"184893972"
46|69|91|61|84|107|"Wet"|"288999247"|"184893973"
61|84|107|183|183|183||"288999250"|"184893980"
0|0|0|46|69|91||"288999250"|"184893981"
46|69|91|61|84|107|"Wet"|"288999250"|"184893982"
61|84|107|183|183|183||"288999249"|"184893977"
0|0|0|46|69|91||"288999249"|"184893978"
46|69|91|61|84|107|"Wet"|"288999249"|"184893979"
0|0|0|46|69|91||"288999246"|"184893968"
61|84|107|183|183|183||"288999246"|"184893970"
46|69|91|61|84|107|"Wet"|"288999246"|"184893969"
61|84|107|183|183|183||"288999256"|"184893983"
0|0|0|46|69|91||"288999256"|"184893984"
46|69|91|61|84|107|"Wet"|"288999256"|"184893985"
0|0|0|46|69|91||"288999257"|"184893986"
61|84|107|183|183|183||"288999257"|"184893988"
46|69|91|61|84|107|"Wet"|"288999257"|"184893987"
61|84|107|183|183|183||"288999284"|"184893995"
0|0|0|46|69|91||"288999284"|"184893996"
46|69|91|61|84|107|"Wet"|"288999284"|"184893997"
61|84|107|183|183|183||"288999283"|"184893992"
0|0|0|46|69|91||"288999283"|"184893993"
46|69|91|61|84|107|"Wet"|"288999283"|"184893994"
61|84|107|183|183|183||"288999286"|"184894001"
0|0|0|46|69|91||"288999286"|"184894002"
46|69|91|61|84|107|"Wet"|"288999286"|"184894003"
61|84|107|183|183|183||"288999285"|"184893998"
0|0|0|46|69|91||"288999285"|"184893999"
46|69|91|61|84|107|"Wet"|"288999285"|"184894000"
0|0|0|46|69|91||"288999282"|"184893989"
61|84|107|183|183|183||"288999282"|"184893991"
46|69|91|61|84|107|"Wet"|"288999282"|"184893990"
61|84|107|183|183|183||"288999292"|"184894004"
0|0|0|46|69|91||"288999292"|"184894005"
46|69|91|61|84|107|"Wet"|"288999292"|"184894006"
0|0|0|46|69|91||"288999293"|"184894007"
61|84|107|183|183|183||"288999293"|"184894009"
46|69|91|61|84|107|"Wet"|"288999293"|"184894008"
0|0|0|15|30|46||"288999380"|"184894058"
46|72|98|183|183|183||"288999380"|"184894060"
15|30|46|46|72|98|"Wet"|"288999380"|"184894059"
0|0|0|15|30|46||"288999379"|"184894055"
46|72|98|183|183|183||"288999379"|"184894057"
15|30|46|46|72|98|"Wet"|"288999379"|"184894056"
0|0|0|15|30|46||"288999382"|"184894064"
46|72|98|183|183|183||"288999382"|"184894066"
15|30|46|46|72|98|"Wet"|"288999382"|"184894065"
0|0|0|15|30|46||"288999381"|"184894061"
46|72|98|183|183|183||"288999381"|"184894063"
15|30|46|46|72|98|"Wet"|"288999381"|"184894062"
0|0|0|15|30|46||"288999378"|"184894052"
46|72|98|183|183|183||"288999378"|"184894054"
15|30|46|46|72|98|"Wet"|"288999378"|"184894053"
0|0|0|15|30|46||"288999388"|"184894067"
46|72|98|183|183|183||"288999388"|"184894069"
15|30|46|46|72|98|"Wet"|"288999388"|"184894068"
0|0|0|15|30|46||"288999389"|"184894070"
46|72|98|183|183|183||"288999389"|"184894072"
15|30|46|46|72|98|"Wet"|"288999389"|"184894071"
0|0|0|46|69|91||"288999392"|"184894079"
51|84|117|183|183|183||"288999392"|"184894081"
46|69|91|51|84|117|"Wet"|"288999392"|"184894080"
0|0|0|46|69|91||"288999391"|"184894076"
51|84|117|183|183|183||"288999391"|"184894078"
46|69|91|51|84|117|"Wet"|"288999391"|"184894077"
0|0|0|46|69|91||"288999394"|"184894085"
51|84|117|183|183|183||"288999394"|"184894087"
46|69|91|51|84|117|"Wet"|"288999394"|"184894086"
0|0|0|46|69|91||"288999393"|"184894082"
51|84|117|183|183|183||"288999393"|"184894084"
46|69|91|51|84|117|"Wet"|"288999393"|"184894083"
0|0|0|46|69|91||"288999390"|"184894073"
51|84|117|183|183|183||"288999390"|"184894075"
46|69|91|51|84|117|"Wet"|"288999390"|"184894074"
0|0|0|46|69|91||"288999400"|"184894088"
51|84|117|183|183|183||"288999400"|"184894090"
46|69|91|51|84|117|"Wet"|"288999400"|"184894089"
0|0|0|46|69|91||"288999401"|"184894091"
51|84|117|183|183|183||"288999401"|"184894093"
46|69|91|51|84|117|"Wet"|"288999401"|"184894092"
0|0|15|183|183|183|"Wet"|"288999424"|"184894104"
0|0|15|183|183|183|"Wet"|"288999415"|"184894095"
0|0|15|183|183|183|"Wet"|"288999425"|"184894105"
0|0|15|183|183|183|"Wet"|"288999419"|"184894099"
0|0|15|183|183|183|"Wet"|"288999416"|"184894096"
0|0|15|183|183|183|"Wet"|"288999423"|"184894103"
0|0|15|183|183|183|"Wet"|"288999418"|"184894098"
0|0|15|183|183|183|"Wet"|"288999414"|"184894094"
0|0|15|183|183|183|"Wet"|"288999420"|"184894100"
0|0|15|183|183|183|"Wet"|"288999422"|"184894102"
0|0|15|183|183|183|"Wet"|"288999417"|"184894097"
0|0|15|183|183|183|"Wet"|"288999421"|"184894101"
0|0|0|15|30|46||"288999428"|"184894112"
46|72|98|183|183|183||"288999428"|"184894114"
15|30|46|46|72|98|"Wet"|"288999428"|"184894113"
0|0|0|15|30|46||"288999427"|"184894109"
46|72|98|183|183|183||"288999427"|"184894111"
15|30|46|46|72|98|"Wet"|"288999427"|"184894110"
0|0|0|15|30|46||"288999430"|"184894118"
46|72|98|183|183|183||"288999430"|"184894120"
15|30|46|46|72|98|"Wet"|"288999430"|"184894119"
0|0|0|15|30|46||"288999429"|"184894115"
46|72|98|183|183|183||"288999429"|"184894117"
15|30|46|46|72|98|"Wet"|"288999429"|"184894116"
0|0|0|15|30|46||"288999426"|"184894106"
46|72|98|183|183|183||"288999426"|"184894108"
15|30|46|46|72|98|"Wet"|"288999426"|"184894107"
0|0|0|15|30|46||"288999436"|"184894121"
46|72|98|183|183|183||"288999436"|"184894123"
15|30|46|46|72|98|"Wet"|"288999436"|"184894122"
0|0|0|15|30|46||"288999437"|"184894124"
46|72|98|183|183|183||"288999437"|"184894126"
15|30|46|46|72|98|"Wet"|"288999437"|"184894125"
0|0|0|46|69|91||"288999440"|"184894133"
51|84|117|183|183|183||"288999440"|"184894135"
46|69|91|51|84|117|"Wet"|"288999440"|"184894134"
0|0|0|46|69|91||"288999439"|"184894130"
51|84|117|183|183|183||"288999439"|"184894132"
46|69|91|51|84|117|"Wet"|"288999439"|"184894131"
51|84|117|183|183|183||"288999442"|"184894139"
0|0|0|46|69|91||"288999442"|"184894140"
46|69|91|51|84|117|"Wet"|"288999442"|"184894141"
0|0|0|46|69|91||"288999441"|"184894136"
51|84|117|183|183|183||"288999441"|"184894138"
46|69|91|51|84|117|"Wet"|"288999441"|"184894137"
0|0|0|46|69|91||"288999438"|"184894127"
51|84|117|183|183|183||"288999438"|"184894129"
46|69|91|51|84|117|"Wet"|"288999438"|"184894128"
0|0|0|46|69|91||"288999448"|"184894142"
51|84|117|183|183|183||"288999448"|"184894144"
46|69|91|51|84|117|"Wet"|"288999448"|"184894143"
0|0|0|46|69|91||"288999449"|"184894145"
51|84|117|183|183|183||"288999449"|"184894147"
46|69|91|51|84|117|"Wet"|"288999449"|"184894146"
0|0|15|183|183|183|"Wet"|"288999472"|"184894158"
0|0|15|183|183|183|"Wet"|"288999463"|"184894149"
0|0|15|183|183|183|"Wet"|"288999473"|"184894159"
0|0|15|183|183|183|"Wet"|"288999467"|"184894153"
0|0|15|183|183|183|"Wet"|"288999464"|"184894150"
0|0|15|183|183|183|"Wet"|"288999471"|"184894157"
0|0|15|183|183|183|"Wet"|"288999466"|"184894152"
0|0|15|183|183|183|"Wet"|"288999468"|"184894154"
0|0|15|183|183|183|"Wet"|"288999462"|"184894148"
0|0|15|183|183|183|"Wet"|"288999470"|"184894156"
0|0|15|183|183|183|"Wet"|"288999465"|"184894151"
0|0|15|183|183|183|"Wet"|"288999469"|"184894155"
15|30|46|46|72|98|"Wet"|"289000579"|"184895128"
0|0|0|15|30|46||"289000579"|"184895127"
46|72|98|183|183|183||"289000579"|"184895129"
15|30|46|46|72|98|"Wet"|"289000578"|"184895125"
0|0|0|15|30|46||"289000578"|"184895124"
46|72|98|183|183|183||"289000578"|"184895126"
15|30|46|46|72|98|"Wet"|"289000581"|"184895134"
0|0|0|15|30|46||"289000581"|"184895133"
46|72|98|183|183|183||"289000581"|"184895135"
15|30|46|46|72|98|"Wet"|"289000580"|"184895131"
0|0|0|15|30|46||"289000580"|"184895130"
46|72|98|183|183|183||"289000580"|"184895132"
15|30|46|46|72|98|"Wet"|"289000582"|"184895137"
0|0|0|15|30|46||"289000582"|"184895136"
46|72|98|183|183|183||"289000582"|"184895138"
15|30|46|46|72|98|"Wet"|"289000589"|"184895143"
0|0|0|15|30|46||"289000589"|"184895142"
46|72|98|183|183|183||"289000589"|"184895144"
15|30|46|46|72|98|"Wet"|"289000588"|"184895140"
0|0|0|15|30|46||"289000588"|"184895139"
46|72|98|183|183|183||"289000588"|"184895141"
0|0|0|46|69|91||"289000591"|"184895148"
51|84|117|183|183|183||"289000591"|"184895150"
46|69|91|51|84|117|"Wet"|"289000591"|"184895149"
0|0|0|46|69|91||"289000590"|"184895145"
51|84|117|183|183|183||"289000590"|"184895147"
46|69|91|51|84|117|"Wet"|"289000590"|"184895146"
0|0|0|46|69|91||"289000593"|"184895154"
51|84|117|183|183|183||"289000593"|"184895156"
46|69|91|51|84|117|"Wet"|"289000593"|"184895155"
0|0|0|46|69|91||"289000592"|"184895151"
51|84|117|183|183|183||"289000592"|"184895153"
46|69|91|51|84|117|"Wet"|"289000592"|"184895152"
0|0|0|46|69|91||"289000594"|"184895157"
51|84|117|183|183|183||"289000594"|"184895159"
46|69|91|51|84|117|"Wet"|"289000594"|"184895158"
0|0|0|46|69|91||"289000601"|"184895163"
51|84|117|183|183|183||"289000601"|"184895165"
46|69|91|51|84|117|"Wet"|"289000601"|"184895164"
0|0|0|46|69|91||"289000600"|"184895160"
51|84|117|183|183|183||"289000600"|"184895162"
46|69|91|51|84|117|"Wet"|"289000600"|"184895161"
0|0|15|183|183|183|"Wet"|"289000625"|"184895177"
0|0|15|183|183|183|"Wet"|"289000624"|"184895176"
0|0|15|183|183|183|"Wet"|"289000619"|"184895171"
0|0|15|183|183|183|"Wet"|"289000615"|"184895167"
0|0|15|183|183|183|"Wet"|"289000623"|"184895175"
0|0|15|183|183|183|"Wet"|"289000616"|"184895168"
0|0|15|183|183|183|"Wet"|"289000622"|"184895174"
0|0|15|183|183|183|"Wet"|"289000620"|"184895172"
0|0|15|183|183|183|"Wet"|"289000621"|"184895173"
0|0|15|183|183|183|"Wet"|"289000614"|"184895166"
0|0|15|183|183|183|"Wet"|"289000618"|"184895170"
0|0|15|183|183|183|"Wet"|"289000617"|"184895169"
46|69|91|61|84|107|"Wet"|"289000842"|"184895443"
0|0|0|46|69|91||"289000842"|"184895442"
61|84|107|183|183|183||"289000842"|"184895444"
46|69|91|61|84|107|"Wet"|"289000843"|"184895447"
61|84|107|183|183|183||"289000843"|"184895445"
0|0|0|46|69|91||"289000843"|"184895446"
46|69|91|61|84|107|"Wet"|"289000844"|"184895450"
61|84|107|183|183|183||"289000844"|"184895448"
0|0|0|46|69|91||"289000844"|"184895449"
46|69|91|61|84|107|"Wet"|"289000845"|"184895453"
61|84|107|183|183|183||"289000845"|"184895451"
0|0|0|46|69|91||"289000845"|"184895452"
46|69|91|61|84|107|"Wet"|"289000846"|"184895456"
61|84|107|183|183|183||"289000846"|"184895454"
0|0|0|46|69|91||"289000846"|"184895455"
46|69|91|61|84|107|"Wet"|"289000853"|"184895461"
0|0|0|46|69|91||"289000853"|"184895460"
61|84|107|183|183|183||"289000853"|"184895462"
46|69|91|61|84|107|"Wet"|"289000852"|"184895459"
61|84|107|183|183|183||"289000852"|"184895457"
0|0|0|46|69|91||"289000852"|"184895458"
46|46|76|51|53|91|"Wet"|"289001292"|"184895876"
51|53|91|183|183|183||"289001292"|"184895877"
0|0|0|46|46|76||"289001292"|"184895878"
46|46|76|51|53|91|"Wet"|"289001295"|"184895883"
0|0|0|46|46|76||"289001295"|"184895882"
51|53|91|183|183|183||"289001295"|"184895884"
46|46|76|51|53|91|"Wet"|"289001288"|"184895870"
51|53|91|183|183|183||"289001288"|"184895871"
0|0|0|46|46|76||"289001288"|"184895872"
46|46|76|51|53|91|"Wet"|"289001290"|"184895873"
51|53|91|183|183|183||"289001290"|"184895874"
0|0|0|46|46|76||"289001290"|"184895875"
46|46|76|51|53|91|"Wet"|"289001294"|"184895880"
0|0|0|46|46|76||"289001294"|"184895879"
51|53|91|183|183|183||"289001294"|"184895881"
46|46|76|51|53|91|"Wet"|"289001286"|"184895868"
0|0|0|46|46|76||"289001286"|"184895867"
51|53|91|183|183|183||"289001286"|"184895869"
15|23|46|183|183|183|"Wet"|"289001310"|"184895886"
0|0|0|15|23|46||"289001310"|"184895885"
15|23|46|183|183|183|"Wet"|"289001319"|"184895896"
0|0|0|15|23|46||"289001319"|"184895895"
15|23|46|183|183|183|"Wet"|"289001312"|"184895887"
0|0|0|15|23|46||"289001312"|"184895888"
15|23|46|183|183|183|"Wet"|"289001317"|"184895894"
0|0|0|15|23|46||"289001317"|"184895893"
15|23|46|183|183|183|"Wet"|"289001314"|"184895889"
0|0|0|15|23|46||"289001314"|"184895890"
15|23|46|183|183|183|"Wet"|"289001321"|"184895898"
0|0|0|15|23|46||"289001321"|"184895897"
15|23|46|183|183|183|"Wet"|"289001315"|"184895892"
0|0|0|15|23|46||"289001315"|"184895891"
0|0|0|200|200|200|"Moist"|"289001324"|"184895901"
0|0|0|200|200|200|"Moist"|"289001327"|"184895904"
0|0|0|200|200|200|"Moist"|"289001322"|"184895899"
0|0|0|200|200|200|"Moist"|"289001328"|"184895905"
0|0|0|200|200|200|"Moist"|"289001331"|"184895908"
0|0|0|200|200|200|"Moist"|"289001329"|"184895906"
0|0|0|200|200|200|"Moist"|"289001330"|"184895907"
0|0|0|200|200|200|"Moist"|"289001325"|"184895902"
0|0|0|200|200|200|"Moist"|"289001333"|"184895910"
0|0|0|200|200|200|"Moist"|"289001323"|"184895900"
0|0|0|200|200|200|"Moist"|"289001326"|"184895903"
0|0|0|200|200|200|"Moist"|"289001332"|"184895909"
0|0|0|15|23|30||"289001026"|"184895609"
15|23|30|183|183|183|"Wet"|"289001026"|"184895610"
0|0|0|15|23|30||"289001025"|"184895607"
15|23|30|183|183|183|"Wet"|"289001025"|"184895608"
0|0|0|15|23|30||"289001029"|"184895611"
15|23|30|183|183|183|"Wet"|"289001029"|"184895612"
0|0|0|15|23|30||"289001022"|"184895603"
15|23|30|183|183|183|"Wet"|"289001022"|"184895604"
0|0|0|15|23|30||"289001030"|"184895613"
15|23|30|183|183|183|"Wet"|"289001030"|"184895614"
0|0|0|15|23|30||"289001032"|"184895617"
15|23|30|183|183|183|"Wet"|"289001032"|"184895618"
0|0|0|15|23|30||"289001024"|"184895605"
15|23|30|183|183|183|"Wet"|"289001024"|"184895606"
0|0|0|15|23|30||"289001031"|"184895615"
15|23|30|183|183|183|"Wet"|"289001031"|"184895616"
46|69|91|61|84|107|"Wet"|"289001034"|"184895620"
0|0|0|46|69|91||"289001034"|"184895619"
61|84|107|183|183|183||"289001034"|"184895621"
46|69|91|61|84|107|"Wet"|"289001035"|"184895624"
61|84|107|183|183|183||"289001035"|"184895622"
0|0|0|46|69|91||"289001035"|"184895623"
46|69|91|61|84|107|"Wet"|"289001036"|"184895627"
61|84|107|183|183|183||"289001036"|"184895625"
0|0|0|46|69|91||"289001036"|"184895626"
46|69|91|61|84|107|"Wet"|"289001037"|"184895630"
61|84|107|183|183|183||"289001037"|"184895628"
0|0|0|46|69|91||"289001037"|"184895629"
46|69|91|61|84|107|"Wet"|"289001038"|"184895633"
61|84|107|183|183|183||"289001038"|"184895631"
0|0|0|46|69|91||"289001038"|"184895632"
46|69|91|61|84|107|"Wet"|"289001045"|"184895638"
0|0|0|46|69|91||"289001045"|"184895637"
61|84|107|183|183|183||"289001045"|"184895639"
46|69|91|61|84|107|"Wet"|"289001044"|"184895636"
61|84|107|183|183|183||"289001044"|"184895634"
0|0|0|46|69|91||"289001044"|"184895635"
0|23|46|183|183|183|"Wet"|"289001062"|"184895647"
0|0|0|0|23|46||"289001062"|"184895646"
0|23|46|183|183|183|"Wet"|"289001061"|"184895645"
0|0|0|0|23|46||"289001061"|"184895644"
0|23|46|183|183|183|"Wet"|"289001065"|"184895649"
0|0|0|0|23|46||"289001065"|"184895648"
0|23|46|183|183|183|"Wet"|"289001058"|"184895641"
0|0|0|0|23|46||"289001058"|"184895640"
0|23|46|183|183|183|"Wet"|"289001066"|"184895651"
0|0|0|0|23|46||"289001066"|"184895650"
0|23|46|183|183|183|"Wet"|"289001060"|"184895643"
0|0|0|0|23|46||"289001060"|"184895642"
0|23|46|183|183|183|"Wet"|"289001067"|"184895653"
0|0|0|0|23|46||"289001067"|"184895652"
0|0|0|183|183|183|"Wet"|"289001079"|"184895662"
0|0|0|183|183|183|"Wet"|"289001072"|"184895655"
0|0|0|183|183|183|"Wet"|"289001080"|"184895663"
0|0|0|183|183|183|"Wet"|"289001076"|"184895659"
0|0|0|183|183|183|"Wet"|"289001078"|"184895661"
0|0|0|183|183|183|"Wet"|"289001075"|"184895658"
0|0|0|183|183|183|"Wet"|"289001070"|"184895654"
0|0|0|183|183|183|"Wet"|"289001077"|"184895660"
0|0|0|183|183|183|"Wet"|"289001074"|"184895657"
0|0|0|183|183|183|"Wet"|"289001073"|"184895656"
