0|0|0|30|43|61||"288984691"|"184869073"
30|43|61|183|183|183|"Wet"|"288984691"|"184869074"
0|0|0|200|200|200|"Moist"|"288987257"|"184871127"
15|23|46|183|183|183|"Wet"|"288987083"|"184871021"
0|0|0|15|23|46||"288987083"|"184871020"
15|23|46|183|183|183|"Wet"|"288987224"|"184871104"
0|0|0|15|23|46||"288987224"|"184871105"
0|0|0|46|69|91||"288984666"|"184869053"
46|69|91|183|183|183|"Wet"|"288984666"|"184869054"
0|0|0|46|54|61||"288984817"|"184869167"
46|54|61|183|183|183|"Wet"|"288984817"|"184869168"
0|0|0|46|54|61||"288984813"|"184869165"
46|54|61|183|183|183|"Wet"|"288984813"|"184869166"
0|0|0|46|56|107||"288984655"|"184869043"
46|56|107|183|183|183|"Wet"|"288984655"|"184869044"
0|0|0|61|91|122||"288984644"|"184869035"
61|91|122|183|183|183|"Wet"|"288984644"|"184869036"
0|0|0|200|200|200|"Moist"|"288987246"|"184871116"
0|0|0|200|200|200|"Moist"|"288987183"|"184871081"
0|0|0|15|30|46||"288987367"|"184871247"
20|36|51|183|183|183||"288987367"|"184871249"
15|30|46|20|36|51|"Wet"|"288987367"|"184871248"
0|0|0|183|183|183|"Wet"|"288985726"|"184869884"
0|0|0|46|56|107||"288984665"|"184869051"
46|56|107|183|183|183|"Wet"|"288984665"|"184869052"
0|0|0|61|91|122||"288984706"|"184869089"
61|91|122|183|183|183|"Wet"|"288984706"|"184869090"
0|0|0|30|61|91||"288987386"|"184871272"
30|61|91|183|183|183|"Wet"|"288987386"|"184871273"
51|74|96|183|183|183||"288984033"|"184868796"
0|0|0|46|69|91||"288984033"|"184868797"
46|69|91|51|74|96|"Wet"|"288984033"|"184868798"
0|0|0|46|56|107||"288982528"|"184868026"
46|56|107|183|183|183|"Wet"|"288982528"|"184868027"
46|46|76|51|53|91|"Wet"|"288987198"|"184871085"
0|0|0|46|46|76||"288987198"|"184871084"
51|53|91|183|183|183||"288987198"|"184871086"
0|0|0|30|61|91||"288987349"|"184871228"
30|61|91|183|183|183|"Wet"|"288987349"|"184871229"
0|0|0|30|61|91||"288987378"|"184871262"
30|61|91|183|183|183|"Wet"|"288987378"|"184871263"
0|0|0|0|15|30||"288982455"|"184867948"
0|15|30|183|183|183|"Wet"|"288982455"|"184867949"
0|0|0|200|200|200|"Moist"|"288986948"|"184870942"
0|0|0|46|69|91||"288984798"|"184869153"
46|69|91|183|183|183|"Wet"|"288984798"|"184869154"
0|0|0|0|23|46||"288984988"|"184869271"
0|23|46|183|183|183|"Wet"|"288984988"|"184869272"
0|0|0|46|56|107||"288984717"|"184869097"
46|56|107|183|183|183|"Wet"|"288984717"|"184869098"
0|0|0|0|23|46||"288983542"|"184868683"
0|23|46|183|183|183|"Wet"|"288983542"|"184868684"
0|0|0|0|30|61||"288983529"|"184868669"
0|30|61|183|183|183|"Wet"|"288983529"|"184868670"
0|0|0|30|61|91||"288987382"|"184871268"
30|61|91|183|183|183|"Wet"|"288987382"|"184871269"
0|0|0|46|56|107||"288982529"|"184868028"
46|56|107|183|183|183|"Wet"|"288982529"|"184868029"
46|46|76|51|53|91|"Wet"|"288986990"|"184870965"
0|0|0|46|46|76||"288986990"|"184870964"
51|53|91|183|183|183||"288986990"|"184870966"
0|0|0|30|43|61||"288984754"|"184869129"
30|43|61|183|183|183|"Wet"|"288984754"|"184869130"
0|0|0|30|38|46||"288985700"|"184869848"
30|38|46|183|183|183|"Wet"|"288985700"|"184869849"
0|0|0|46|56|107||"288982518"|"184868018"
46|56|107|183|183|183|"Wet"|"288982518"|"184868019"
0|0|0|46|69|91||"288984999"|"184869285"
46|69|91|183|183|183|"Wet"|"288984999"|"184869286"
0|0|0|30|43|61||"288984832"|"184869181"
30|43|61|183|183|183|"Wet"|"288984832"|"184869182"
0|0|0|15|30|46||"288987334"|"184871214"
20|36|51|183|183|183||"288987334"|"184871216"
15|30|46|20|36|51|"Wet"|"288987334"|"184871215"
15|23|30|183|183|183|"Wet"|"288987272"|"184871131"
0|0|0|15|23|30||"288987272"|"184871130"
0|0|0|0|23|46||"288984987"|"184869269"
0|23|46|183|183|183|"Wet"|"288984987"|"184869270"
0|0|0|46|54|61||"288984681"|"184869065"
46|54|61|183|183|183|"Wet"|"288984681"|"184869066"
0|0|0|200|200|200|"Moist"|"288987256"|"184871126"
15|23|46|183|183|183|"Wet"|"288987161"|"184871071"
0|0|0|15|23|46||"288987161"|"184871070"
0|0|0|0|23|46||"288983540"|"184868679"
0|23|46|183|183|183|"Wet"|"288983540"|"184868680"
51|74|96|183|183|183||"288985711"|"184869863"
0|0|0|46|69|91||"288985711"|"184869864"
46|69|91|51|74|96|"Wet"|"288985711"|"184869865"
0|0|0|0|23|46||"288983571"|"184868717"
0|23|46|183|183|183|"Wet"|"288983571"|"184868718"
0|0|0|200|200|200|"Moist"|"288987105"|"184871031"
0|0|0|30|43|61||"288984692"|"184869075"
30|43|61|183|183|183|"Wet"|"288984692"|"184869076"
0|0|0|30|61|91||"288987393"|"184871278"
30|61|91|183|183|183|"Wet"|"288987393"|"184871279"
0|0|0|30|43|61||"288984824"|"184869175"
30|43|61|183|183|183|"Wet"|"288984824"|"184869176"
0|0|0|0|15|30||"288983553"|"184868695"
0|15|30|183|183|183|"Wet"|"288983553"|"184868696"
0|0|0|0|30|61||"288982509"|"184868010"
0|30|61|183|183|183|"Wet"|"288982509"|"184868011"
0|0|0|30|61|91||"288987345"|"184871224"
30|61|91|183|183|183|"Wet"|"288987345"|"184871225"
0|0|0|61|91|122||"288984765"|"184869137"
61|91|122|183|183|183|"Wet"|"288984765"|"184869138"
0|0|0|30|61|91||"288987356"|"184871234"
30|61|91|183|183|183|"Wet"|"288987356"|"184871235"
15|23|46|183|183|183|"Wet"|"288987087"|"184871025"
0|0|0|15|23|46||"288987087"|"184871024"
0|0|0|46|69|91||"288985950"|"184870130"
51|74|96|183|183|183||"288985950"|"184870132"
46|69|91|51|74|96|"Wet"|"288985950"|"184870131"
0|0|0|200|200|200|"Moist"|"288987179"|"184871077"
0|0|15|183|183|183|"Wet"|"288985041"|"184869336"
0|0|0|46|69|91||"288984673"|"184869061"
46|69|91|183|183|183|"Wet"|"288984673"|"184869062"
46|46|76|51|53|91|"Wet"|"288986918"|"184870921"
0|0|0|46|46|76||"288986918"|"184870920"
51|53|91|183|183|183||"288986918"|"184870922"
0|0|0|0|30|61||"288983530"|"184868671"
0|30|61|183|183|183|"Wet"|"288983530"|"184868672"
0|0|0|46|56|107||"288982520"|"184868022"
46|56|107|183|183|183|"Wet"|"288982520"|"184868023"
0|0|0|0|23|46||"288984989"|"184869273"
0|23|46|183|183|183|"Wet"|"288984989"|"184869274"
0|0|0|200|200|200|"Moist"|"288987033"|"184870987"
0|0|15|183|183|183|"Wet"|"288983302"|"184868559"
0|0|15|183|183|183|"Wet"|"288983300"|"184868557"
0|0|15|183|183|183|"Wet"|"288985039"|"184869334"
0|0|0|200|200|200|"Moist"|"288987034"|"184870988"
0|0|0|15|23|30||"288985052"|"184869347"
15|23|30|183|183|183|"Wet"|"288985052"|"184869348"
0|0|0|30|43|61||"288982485"|"184867982"
30|43|61|183|183|183|"Wet"|"288982485"|"184867983"
0|0|0|30|43|61||"288982531"|"184868032"
30|43|61|183|183|183|"Wet"|"288982531"|"184868033"
0|0|0|46|69|91||"288984729"|"184869107"
46|69|91|183|183|183|"Wet"|"288984729"|"184869108"
0|0|0|30|38|46||"288984145"|"184868886"
30|38|46|183|183|183|"Wet"|"288984145"|"184868887"
0|0|0|200|200|200|"Moist"|"288987113"|"184871039"
0|0|0|200|200|200|"Moist"|"288987253"|"184871123"
0|0|0|0|15|30||"288982498"|"184867996"
0|15|30|183|183|183|"Wet"|"288982498"|"184867997"
0|0|0|30|61|91||"288987308"|"184871176"
30|61|91|183|183|183|"Wet"|"288987308"|"184871177"
15|23|46|183|183|183|"Wet"|"288987150"|"184871059"
0|0|0|15|23|46||"288987150"|"184871058"
0|0|0|0|30|61||"288982507"|"184868006"
0|30|61|183|183|183|"Wet"|"288982507"|"184868007"
51|74|96|183|183|183||"288984041"|"184868805"
0|0|0|46|69|91||"288984041"|"184868806"
46|69|91|51|74|96|"Wet"|"288984041"|"184868807"
0|0|0|46|69|91||"288984802"|"184869159"
46|69|91|183|183|183|"Wet"|"288984802"|"184869160"
0|0|0|15|23|30||"288983289"|"184868543"
15|23|30|183|183|183|"Wet"|"288983289"|"184868544"
46|46|76|51|53|91|"Wet"|"288987054"|"184870997"
0|0|0|46|46|76||"288987054"|"184870996"
51|53|91|183|183|183||"288987054"|"184870998"
0|0|0|15|30|46||"288987330"|"184871202"
20|36|51|183|183|183||"288987330"|"184871204"
15|30|46|20|36|51|"Wet"|"288987330"|"184871203"
0|0|15|183|183|183|"Wet"|"288983309"|"184868566"
0|0|0|0|23|46||"288984980"|"184869257"
0|23|46|183|183|183|"Wet"|"288984980"|"184869258"
0|0|0|46|56|107||"288984724"|"184869099"
46|56|107|183|183|183|"Wet"|"288984724"|"184869100"
0|0|0|30|43|61||"288982540"|"184868040"
30|43|61|183|183|183|"Wet"|"288982540"|"184868041"
0|0|0|0|23|46||"288983562"|"184868705"
0|23|46|183|183|183|"Wet"|"288983562"|"184868706"
0|0|0|30|43|61||"288984761"|"184869133"
30|43|61|183|183|183|"Wet"|"288984761"|"184869134"
0|0|0|200|200|200|"Moist"|"288986949"|"184870943"
0|0|0|15|23|30||"288985050"|"184869345"
15|23|30|183|183|183|"Wet"|"288985050"|"184869346"
0|0|0|46|69|91||"288984728"|"184869105"
46|69|91|183|183|183|"Wet"|"288984728"|"184869106"
0|0|0|200|200|200|"Moist"|"288987249"|"184871119"
15|23|46|183|183|183|"Wet"|"288987157"|"184871067"
0|0|0|15|23|46||"288987157"|"184871066"
0|0|0|0|15|30||"288982454"|"184867946"
0|15|30|183|183|183|"Wet"|"288982454"|"184867947"
15|23|46|183|183|183|"Wet"|"288986939"|"184870933"
0|0|0|15|23|46||"288986939"|"184870932"
0|0|0|0|23|46||"288983541"|"184868681"
0|23|46|183|183|183|"Wet"|"288983541"|"184868682"
30|61|91|183|183|183|"Wet"|"288987304"|"184871173"
0|0|0|30|61|91||"288987304"|"184871172"
15|23|46|183|183|183|"Wet"|"288986938"|"184870930"
0|0|0|15|23|46||"288986938"|"184870931"
0|0|0|0|15|30||"288982496"|"184867992"
0|15|30|183|183|183|"Wet"|"288982496"|"184867993"
0|0|0|30|43|61||"288984750"|"184869121"
30|43|61|183|183|183|"Wet"|"288984750"|"184869122"
0|0|0|15|30|46||"288987286"|"184871150"
20|36|51|183|183|183||"288987286"|"184871152"
15|30|46|20|36|51|"Wet"|"288987286"|"184871151"
15|23|46|183|183|183|"Wet"|"288987231"|"184871113"
0|0|0|15|23|46||"288987231"|"184871112"
0|0|0|46|56|107||"288984787"|"184869143"
46|56|107|183|183|183|"Wet"|"288984787"|"184869144"
0|0|0|0|23|46||"288984969"|"184869245"
0|23|46|183|183|183|"Wet"|"288984969"|"184869246"
0|0|0|0|15|30||"288982446"|"184867936"
0|15|30|183|183|183|"Wet"|"288982446"|"184867937"
46|46|76|51|53|91|"Wet"|"288987135"|"184871056"
0|0|0|46|46|76||"288987135"|"184871055"
51|53|91|183|183|183||"288987135"|"184871057"
0|0|0|200|200|200|"Moist"|"288986950"|"184870944"
0|0|0|46|56|107||"288984714"|"184869091"
46|56|107|183|183|183|"Wet"|"288984714"|"184869092"
0|0|0|183|183|183|"Wet"|"288985730"|"184869887"
0|0|0|200|200|200|"Moist"|"288987109"|"184871035"
0|0|0|30|61|91||"288987397"|"184871282"
30|61|91|183|183|183|"Wet"|"288987397"|"184871283"
0|0|15|183|183|183|"Wet"|"288983298"|"184868555"
0|0|0|15|30|46||"288987341"|"184871217"
20|36|51|183|183|183||"288987341"|"184871219"
15|30|46|20|36|51|"Wet"|"288987341"|"184871218"
51|74|96|183|183|183||"288984034"|"184868799"
0|0|0|46|69|91||"288984034"|"184868800"
46|69|91|51|74|96|"Wet"|"288984034"|"184868801"
0|0|0|15|23|30||"288987328"|"184871200"
15|23|30|183|183|183|"Wet"|"288987328"|"184871201"
0|0|0|46|69|91||"288984668"|"184869055"
46|69|91|183|183|183|"Wet"|"288984668"|"184869056"
0|0|0|0|30|61||"288982468"|"184867960"
0|30|61|183|183|183|"Wet"|"288982468"|"184867961"
0|0|0|30|43|61||"288984751"|"184869123"
30|43|61|183|183|183|"Wet"|"288984751"|"184869124"
15|23|46|183|183|183|"Wet"|"288987233"|"184871115"
0|0|0|15|23|46||"288987233"|"184871114"
15|23|46|183|183|183|"Wet"|"288987017"|"184870983"
0|0|0|15|23|46||"288987017"|"184870982"
0|0|0|0|15|30||"288982501"|"184867998"
0|15|30|183|183|183|"Wet"|"288982501"|"184867999"
0|0|0|0|23|46||"288984970"|"184869247"
0|23|46|183|183|183|"Wet"|"288984970"|"184869248"
0|0|0|30|43|61||"288984825"|"184869177"
30|43|61|183|183|183|"Wet"|"288984825"|"184869178"
15|23|46|183|183|183|"Wet"|"288987013"|"184870979"
0|0|0|15|23|46||"288987013"|"184870978"
0|0|0|0|23|46||"288985070"|"184869371"
0|23|46|183|183|183|"Wet"|"288985070"|"184869372"
46|46|76|51|53|91|"Wet"|"288986914"|"184870914"
51|53|91|183|183|183||"288986914"|"184870915"
0|0|0|46|46|76||"288986914"|"184870916"
20|36|51|183|183|183||"288987368"|"184871250"
0|0|0|15|30|46||"288987368"|"184871251"
15|30|46|20|36|51|"Wet"|"288987368"|"184871252"
0|0|0|200|200|200|"Moist"|"288987039"|"184870993"
0|0|15|183|183|183|"Wet"|"288985044"|"184869339"
46|46|76|51|53|91|"Wet"|"288987200"|"184871087"
51|53|91|183|183|183||"288987200"|"184871088"
0|0|0|46|46|76||"288987200"|"184871089"
46|46|76|51|53|91|"Wet"|"288986991"|"184870968"
0|0|0|46|46|76||"288986991"|"184870967"
51|53|91|183|183|183||"288986991"|"184870969"
0|0|0|30|43|61||"288982541"|"184868042"
30|43|61|183|183|183|"Wet"|"288982541"|"184868043"
0|0|0|46|54|61||"288984678"|"184869063"
46|54|61|183|183|183|"Wet"|"288984678"|"184869064"
30|61|91|183|183|183|"Wet"|"288987295"|"184871165"
0|0|0|30|61|91||"288987295"|"184871164"
0|0|0|15|23|30||"288983296"|"184868553"
15|23|30|183|183|183|"Wet"|"288983296"|"184868554"
0|0|0|61|91|122||"288984764"|"184869135"
61|91|122|183|183|183|"Wet"|"288984764"|"184869136"
0|0|0|46|69|91||"288984669"|"184869057"
46|69|91|183|183|183|"Wet"|"288984669"|"184869058"
0|0|0|30|38|46||"288985701"|"184869850"
30|38|46|183|183|183|"Wet"|"288985701"|"184869851"
0|0|0|15|23|30||"288987326"|"184871196"
15|23|30|183|183|183|"Wet"|"288987326"|"184871197"
0|0|0|200|200|200|"Moist"|"288987107"|"184871033"
0|0|0|0|23|46||"288985069"|"184869369"
0|23|46|183|183|183|"Wet"|"288985069"|"184869370"
51|74|96|183|183|183||"288985714"|"184869872"
0|0|0|46|69|91||"288985714"|"184869873"
46|69|91|51|74|96|"Wet"|"288985714"|"184869874"
0|0|0|30|43|61||"288984753"|"184869127"
30|43|61|183|183|183|"Wet"|"288984753"|"184869128"
15|23|46|183|183|183|"Wet"|"288986943"|"184870937"
0|0|0|15|23|46||"288986943"|"184870936"
0|0|0|30|43|61||"288984690"|"184869071"
30|43|61|183|183|183|"Wet"|"288984690"|"184869072"
0|0|15|183|183|183|"Wet"|"288983307"|"184868564"
15|23|46|183|183|183|"Wet"|"288987159"|"184871069"
0|0|0|15|23|46||"288987159"|"184871068"
0|0|0|46|56|107||"288984657"|"184869047"
46|56|107|183|183|183|"Wet"|"288984657"|"184869048"
0|0|0|15|23|30||"288985058"|"184869355"
15|23|30|183|183|183|"Wet"|"288985058"|"184869356"
30|61|91|183|183|183|"Wet"|"288987296"|"184871167"
0|0|0|30|61|91||"288987296"|"184871166"
0|0|0|30|61|91||"288987357"|"184871236"
30|61|91|183|183|183|"Wet"|"288987357"|"184871237"
0|0|0|30|38|46||"288984045"|"184868812"
30|38|46|183|183|183|"Wet"|"288984045"|"184868813"
0|0|0|200|200|200|"Moist"|"288987180"|"184871078"
51|74|96|183|183|183||"288984032"|"184868793"
0|0|0|46|69|91||"288984032"|"184868794"
46|69|91|51|74|96|"Wet"|"288984032"|"184868795"
0|0|0|30|43|61||"288984700"|"184869081"
30|43|61|183|183|183|"Wet"|"288984700"|"184869082"
0|0|0|200|200|200|"Moist"|"288987106"|"184871032"
0|0|0|15|23|30||"288985059"|"184869357"
15|23|30|183|183|183|"Wet"|"288985059"|"184869358"
0|0|0|0|23|46||"288984974"|"184869251"
0|23|46|183|183|183|"Wet"|"288984974"|"184869252"
0|0|0|30|61|91||"288987346"|"184871226"
30|61|91|183|183|183|"Wet"|"288987346"|"184871227"
0|0|0|0|30|61||"288982516"|"184868014"
0|30|61|183|183|183|"Wet"|"288982516"|"184868015"
15|23|46|183|183|183|"Wet"|"288987222"|"184871103"
0|0|0|15|23|46||"288987222"|"184871102"
0|0|0|30|61|91||"288987381"|"184871266"
30|61|91|183|183|183|"Wet"|"288987381"|"184871267"
0|0|0|0|15|30||"288983550"|"184868691"
0|15|30|183|183|183|"Wet"|"288983550"|"184868692"
51|74|96|183|183|183||"288985721"|"184869878"
0|0|0|46|69|91||"288985721"|"184869879"
46|69|91|51|74|96|"Wet"|"288985721"|"184869880"
0|0|0|15|30|46||"288987370"|"184871256"
20|36|51|183|183|183||"288987370"|"184871258"
15|30|46|20|36|51|"Wet"|"288987370"|"184871257"
0|0|0|0|15|30||"288982453"|"184867944"
0|15|30|183|183|183|"Wet"|"288982453"|"184867945"
0|0|15|183|183|183|"Wet"|"288985048"|"184869343"
46|46|76|51|53|91|"Wet"|"288987128"|"184871043"
51|53|91|183|183|183||"288987128"|"184871044"
0|0|0|46|46|76||"288987128"|"184871045"
0|0|0|15|30|46||"288987285"|"184871147"
20|36|51|183|183|183||"288987285"|"184871149"
15|30|46|20|36|51|"Wet"|"288987285"|"184871148"
0|0|15|183|183|183|"Wet"|"288985043"|"184869338"
0|0|0|0|23|46||"288984985"|"184869267"
0|23|46|183|183|183|"Wet"|"288984985"|"184869268"
51|74|96|183|183|183||"288985961"|"184870148"
0|0|0|46|69|91||"288985961"|"184870149"
46|69|91|51|74|96|"Wet"|"288985961"|"184870150"
15|23|46|183|183|183|"Wet"|"288987006"|"184870971"
0|0|0|15|23|46||"288987006"|"184870970"
0|0|0|30|38|46||"288984146"|"184868888"
30|38|46|183|183|183|"Wet"|"288984146"|"184868889"
0|0|0|200|200|200|"Moist"|"288986954"|"184870948"
0|0|0|200|200|200|"Moist"|"288987032"|"184870986"
0|0|0|15|23|30||"288985054"|"184869351"
15|23|30|183|183|183|"Wet"|"288985054"|"184869352"
0|0|0|46|69|91||"288984733"|"184869111"
46|69|91|183|183|183|"Wet"|"288984733"|"184869112"
46|46|76|51|53|91|"Wet"|"288986984"|"184870955"
51|53|91|183|183|183||"288986984"|"184870956"
0|0|0|46|46|76||"288986984"|"184870957"
0|0|15|183|183|183|"Wet"|"288983299"|"184868556"
0|0|0|15|23|30||"288987327"|"184871198"
15|23|30|183|183|183|"Wet"|"288987327"|"184871199"
46|46|76|51|53|91|"Wet"|"288986988"|"184870961"
51|53|91|183|183|183||"288986988"|"184870962"
0|0|0|46|46|76||"288986988"|"184870963"
0|0|0|0|15|30||"288982497"|"184867994"
0|15|30|183|183|183|"Wet"|"288982497"|"184867995"
0|0|0|0|23|46||"288985062"|"184869361"
0|23|46|183|183|183|"Wet"|"288985062"|"184869362"
0|0|0|30|61|91||"288987306"|"184871174"
30|61|91|183|183|183|"Wet"|"288987306"|"184871175"
0|0|15|183|183|183|"Wet"|"288983303"|"184868560"
0|0|0|30|43|61||"288984752"|"184869125"
30|43|61|183|183|183|"Wet"|"288984752"|"184869126"
0|0|0|0|23|46||"288983565"|"184868709"
0|23|46|183|183|183|"Wet"|"288983565"|"184868710"
20|36|51|183|183|183||"288987287"|"184871153"
0|0|0|15|30|46||"288987287"|"184871154"
15|30|46|20|36|51|"Wet"|"288987287"|"184871155"
0|0|0|0|30|61||"288982460"|"184867954"
0|30|61|183|183|183|"Wet"|"288982460"|"184867955"
0|0|0|200|200|200|"Moist"|"288986947"|"184870941"
0|0|0|46|69|91||"288984805"|"184869161"
46|69|91|183|183|183|"Wet"|"288984805"|"184869162"
0|0|0|200|200|200|"Moist"|"288987252"|"184871122"
46|46|76|51|53|91|"Wet"|"288986910"|"184870909"
0|0|0|46|46|76||"288986910"|"184870908"
51|53|91|183|183|183||"288986910"|"184870910"
0|0|0|200|200|200|"Moist"|"288987108"|"184871034"
0|0|0|0|30|61||"288982508"|"184868008"
0|30|61|183|183|183|"Wet"|"288982508"|"184868009"
0|0|0|183|183|183|"Wet"|"288985732"|"184869889"
15|23|46|183|183|183|"Wet"|"288986936"|"184870928"
0|0|0|15|23|46||"288986936"|"184870929"
0|0|0|0|23|46||"288984966"|"184869241"
0|23|46|183|183|183|"Wet"|"288984966"|"184869242"
0|0|0|30|61|91||"288987390"|"184871274"
30|61|91|183|183|183|"Wet"|"288987390"|"184871275"
0|0|0|46|69|91||"288984992"|"184869277"
46|69|91|183|183|183|"Wet"|"288984992"|"184869278"
15|23|30|183|183|183|"Wet"|"288987274"|"184871135"
0|0|0|15|23|30||"288987274"|"184871134"
0|0|0|0|23|46||"288983569"|"184868713"
0|23|46|183|183|183|"Wet"|"288983569"|"184868714"
0|0|0|200|200|200|"Moist"|"288987254"|"184871124"
0|0|0|15|23|30||"288983288"|"184868541"
15|23|30|183|183|183|"Wet"|"288983288"|"184868542"
15|23|46|183|183|183|"Wet"|"288987010"|"184870974"
0|0|0|15|23|46||"288987010"|"184870975"
0|0|0|200|200|200|"Moist"|"288987035"|"184870989"
0|0|15|183|183|183|"Wet"|"288985040"|"184869335"
0|0|0|46|56|107||"288982519"|"184868020"
46|56|107|183|183|183|"Wet"|"288982519"|"184868021"
0|0|0|0|15|30||"288982449"|"184867940"
0|15|30|183|183|183|"Wet"|"288982449"|"184867941"
51|74|96|183|183|183||"288984127"|"184868860"
0|0|0|46|69|91||"288984127"|"184868861"
46|69|91|51|74|96|"Wet"|"288984127"|"184868862"
0|0|0|15|30|46||"288987369"|"184871253"
20|36|51|183|183|183||"288987369"|"184871255"
15|30|46|20|36|51|"Wet"|"288987369"|"184871254"
0|0|0|30|43|61||"288982486"|"184867984"
30|43|61|183|183|183|"Wet"|"288982486"|"184867985"
0|0|0|200|200|200|"Moist"|"288987031"|"184870985"
0|0|0|30|43|61||"288982493"|"184867988"
30|43|61|183|183|183|"Wet"|"288982493"|"184867989"
0|0|0|46|69|91||"288984670"|"184869059"
46|69|91|183|183|183|"Wet"|"288984670"|"184869060"
0|0|0|200|200|200|"Moist"|"288987036"|"184870990"
0|0|0|30|38|46||"288984044"|"184868810"
30|38|46|183|183|183|"Wet"|"288984044"|"184868811"
0|0|0|0|15|30||"288983554"|"184868697"
0|15|30|183|183|183|"Wet"|"288983554"|"184868698"
0|0|0|61|91|122||"288984646"|"184869039"
61|91|122|183|183|183|"Wet"|"288984646"|"184869040"
51|74|96|183|183|183||"288985960"|"184870145"
0|0|0|46|69|91||"288985960"|"184870146"
46|69|91|51|74|96|"Wet"|"288985960"|"184870147"
0|0|15|183|183|183|"Wet"|"288985047"|"184869342"
0|0|0|200|200|200|"Moist"|"288986951"|"184870945"
0|0|0|0|23|46||"288983564"|"184868707"
0|23|46|183|183|183|"Wet"|"288983564"|"184868708"
0|0|0|0|23|46||"288984981"|"184869259"
0|23|46|183|183|183|"Wet"|"288984981"|"184869260"
0|0|0|0|30|61||"288983528"|"184868667"
0|30|61|183|183|183|"Wet"|"288983528"|"184868668"
0|0|0|0|23|46||"288985066"|"184869367"
0|23|46|183|183|183|"Wet"|"288985066"|"184869368"
46|46|76|51|53|91|"Wet"|"288987202"|"184871090"
51|53|91|183|183|183||"288987202"|"184871091"
0|0|0|46|46|76||"288987202"|"184871092"
0|0|0|30|43|61||"288982530"|"184868030"
30|43|61|183|183|183|"Wet"|"288982530"|"184868031"
0|0|0|30|38|46||"288984142"|"184868884"
30|38|46|183|183|183|"Wet"|"288984142"|"184868885"
0|0|0|30|38|46||"288984138"|"184868878"
30|38|46|183|183|183|"Wet"|"288984138"|"184868879"
30|61|91|183|183|183|"Wet"|"288987294"|"184871163"
0|0|0|30|61|91||"288987294"|"184871162"
0|0|0|183|183|183|"Wet"|"288985722"|"184869881"
51|74|96|183|183|183||"288985712"|"184869866"
0|0|0|46|69|91||"288985712"|"184869867"
46|69|91|51|74|96|"Wet"|"288985712"|"184869868"
46|46|76|51|53|91|"Wet"|"288987062"|"184871009"
0|0|0|46|46|76||"288987062"|"184871008"
51|53|91|183|183|183||"288987062"|"184871010"
0|0|0|200|200|200|"Moist"|"288987182"|"184871080"
0|0|0|200|200|200|"Moist"|"288987040"|"184870994"
0|0|0|200|200|200|"Moist"|"288987178"|"184871076"
0|0|0|30|38|46||"288984046"|"184868814"
30|38|46|183|183|183|"Wet"|"288984046"|"184868815"
0|0|0|0|15|30||"288982503"|"184868002"
0|15|30|183|183|183|"Wet"|"288982503"|"184868003"
0|0|0|30|61|91||"288987362"|"184871242"
30|61|91|183|183|183|"Wet"|"288987362"|"184871243"
0|0|0|183|183|183|"Wet"|"288985728"|"184869885"
0|0|0|200|200|200|"Moist"|"288986953"|"184870947"
0|0|0|200|200|200|"Moist"|"288987104"|"184871030"
0|0|0|15|23|30||"288985057"|"184869353"
15|23|30|183|183|183|"Wet"|"288985057"|"184869354"
0|0|0|0|30|61||"288983536"|"184868673"
0|30|61|183|183|183|"Wet"|"288983536"|"184868674"
0|0|0|0|30|61||"288983527"|"184868665"
0|30|61|183|183|183|"Wet"|"288983527"|"184868666"
0|0|0|46|56|107||"288984656"|"184869045"
46|56|107|183|183|183|"Wet"|"288984656"|"184869046"
0|0|0|30|38|46||"288985702"|"184869852"
30|38|46|183|183|183|"Wet"|"288985702"|"184869853"
0|0|0|30|61|91||"288987310"|"184871180"
30|61|91|183|183|183|"Wet"|"288987310"|"184871181"
0|0|0|30|43|61||"288984701"|"184869083"
30|43|61|183|183|183|"Wet"|"288984701"|"184869084"
0|0|0|46|69|91||"288984730"|"184869109"
46|69|91|183|183|183|"Wet"|"288984730"|"184869110"
0|0|0|46|56|107||"288982481"|"184867974"
46|56|107|183|183|183|"Wet"|"288982481"|"184867975"
0|0|0|30|43|61||"288984826"|"184869179"
30|43|61|183|183|183|"Wet"|"288984826"|"184869180"
0|0|0|0|23|46||"288983538"|"184868677"
0|23|46|183|183|183|"Wet"|"288983538"|"184868678"
0|0|15|183|183|183|"Wet"|"288985045"|"184869340"
0|0|15|183|183|183|"Wet"|"288983306"|"184868563"
0|0|0|46|54|61||"288984741"|"184869115"
46|54|61|183|183|183|"Wet"|"288984741"|"184869116"
0|0|0|0|23|46||"288984983"|"184869263"
0|23|46|183|183|183|"Wet"|"288984983"|"184869264"
0|0|0|0|15|30||"288982502"|"184868000"
0|15|30|183|183|183|"Wet"|"288982502"|"184868001"
0|0|0|200|200|200|"Moist"|"288987038"|"184870992"
46|46|76|51|53|91|"Wet"|"288987130"|"184871046"
51|53|91|183|183|183||"288987130"|"184871047"
0|0|0|46|46|76||"288987130"|"184871048"
0|0|15|183|183|183|"Wet"|"288985046"|"184869341"
51|74|96|183|183|183||"288984128"|"184868863"
0|0|0|46|69|91||"288984128"|"184868864"
46|69|91|51|74|96|"Wet"|"288984128"|"184868865"
0|0|0|61|91|122||"288984645"|"184869037"
61|91|122|183|183|183|"Wet"|"288984645"|"184869038"
0|0|0|0|23|46||"288983545"|"184868685"
0|23|46|183|183|183|"Wet"|"288983545"|"184868686"
51|74|96|183|183|183||"288985713"|"184869869"
0|0|0|46|69|91||"288985713"|"184869870"
46|69|91|51|74|96|"Wet"|"288985713"|"184869871"
0|0|0|30|61|91||"288987358"|"184871238"
30|61|91|183|183|183|"Wet"|"288987358"|"184871239"
0|0|0|15|23|30||"288983295"|"184868551"
15|23|30|183|183|183|"Wet"|"288983295"|"184868552"
0|0|0|46|56|107||"288982471"|"184867966"
46|56|107|183|183|183|"Wet"|"288982471"|"184867967"
0|0|0|15|23|30||"288987321"|"184871190"
15|23|30|183|183|183|"Wet"|"288987321"|"184871191"
0|0|0|15|23|30||"288983294"|"184868549"
15|23|30|183|183|183|"Wet"|"288983294"|"184868550"
0|0|0|46|54|61||"288984745"|"184869117"
46|54|61|183|183|183|"Wet"|"288984745"|"184869118"
0|0|0|200|200|200|"Moist"|"288986957"|"184870951"
15|23|46|183|183|183|"Wet"|"288987152"|"184871060"
0|0|0|15|23|46||"288987152"|"184871061"
0|0|0|0|15|30||"288982450"|"184867942"
0|15|30|183|183|183|"Wet"|"288982450"|"184867943"
0|0|0|15|23|30||"288987325"|"184871194"
15|23|30|183|183|183|"Wet"|"288987325"|"184871195"
0|0|15|183|183|183|"Wet"|"288983305"|"184868562"
0|0|0|0|15|30||"288983558"|"184868701"
0|15|30|183|183|183|"Wet"|"288983558"|"184868702"
51|74|96|183|183|183||"288985953"|"184870139"
0|0|0|46|69|91||"288985953"|"184870140"
46|69|91|51|74|96|"Wet"|"288985953"|"184870141"
46|46|76|51|53|91|"Wet"|"288987058"|"184871002"
51|53|91|183|183|183||"288987058"|"184871003"
0|0|0|46|46|76||"288987058"|"184871004"
30|61|91|183|183|183|"Wet"|"288987299"|"184871169"
0|0|0|30|61|91||"288987299"|"184871168"
0|0|0|200|200|200|"Moist"|"288987103"|"184871029"
0|0|0|200|200|200|"Moist"|"288986955"|"184870949"
0|0|0|200|200|200|"Moist"|"288986946"|"184870940"
15|23|30|183|183|183|"Wet"|"288987277"|"184871137"
0|0|0|15|23|30||"288987277"|"184871136"
0|0|0|200|200|200|"Moist"|"288987177"|"184871075"
0|0|0|30|43|61||"288982534"|"184868038"
30|43|61|183|183|183|"Wet"|"288982534"|"184868039"
0|0|0|0|23|46||"288983566"|"184868711"
0|23|46|183|183|183|"Wet"|"288983566"|"184868712"
0|0|0|183|183|183|"Wet"|"288985724"|"184869882"
0|0|0|200|200|200|"Moist"|"288987251"|"184871121"
0|0|0|30|43|61||"288982482"|"184867976"
30|43|61|183|183|183|"Wet"|"288982482"|"184867977"
0|0|0|0|23|46||"288984973"|"184869249"
0|23|46|183|183|183|"Wet"|"288984973"|"184869250"
0|0|0|0|23|46||"288983547"|"184868689"
0|23|46|183|183|183|"Wet"|"288983547"|"184868690"
0|0|0|30|43|61||"288982492"|"184867986"
30|43|61|183|183|183|"Wet"|"288982492"|"184867987"
0|0|0|30|61|91||"288987380"|"184871264"
30|61|91|183|183|183|"Wet"|"288987380"|"184871265"
46|46|76|51|53|91|"Wet"|"288987207"|"184871100"
0|0|0|46|46|76||"288987207"|"184871099"
51|53|91|183|183|183||"288987207"|"184871101"
0|0|0|46|69|91||"288985710"|"184869860"
51|74|96|183|183|183||"288985710"|"184869862"
46|69|91|51|74|96|"Wet"|"288985710"|"184869861"
51|74|96|183|183|183||"288985952"|"184870136"
0|0|0|46|69|91||"288985952"|"184870137"
46|69|91|51|74|96|"Wet"|"288985952"|"184870138"
0|0|0|0|23|46||"288985065"|"184869365"
0|23|46|183|183|183|"Wet"|"288985065"|"184869366"
0|0|0|183|183|183|"Wet"|"288985731"|"184869888"
0|0|0|30|38|46||"288985698"|"184869846"
30|38|46|183|183|183|"Wet"|"288985698"|"184869847"
0|0|0|15|30|46||"288987288"|"184871156"
20|36|51|183|183|183||"288987288"|"184871158"
15|30|46|20|36|51|"Wet"|"288987288"|"184871157"
0|0|0|30|61|91||"288987392"|"184871276"
30|61|91|183|183|183|"Wet"|"288987392"|"184871277"
0|0|0|0|23|46||"288984984"|"184869265"
0|23|46|183|183|183|"Wet"|"288984984"|"184869266"
0|0|0|30|61|91||"288987398"|"184871284"
30|61|91|183|183|183|"Wet"|"288987398"|"184871285"
0|0|0|0|15|30||"288982448"|"184867938"
0|15|30|183|183|183|"Wet"|"288982448"|"184867939"
15|23|46|183|183|183|"Wet"|"288987155"|"184871065"
0|0|0|15|23|46||"288987155"|"184871064"
51|74|96|183|183|183||"288984137"|"184868876"
0|0|0|46|69|91||"288984137"|"184868877"
46|69|91|51|74|96|"Wet"|"288984137"|"184868875"
46|46|76|51|53|91|"Wet"|"288986912"|"184870911"
51|53|91|183|183|183||"288986912"|"184870912"
0|0|0|46|46|76||"288986912"|"184870913"
0|0|0|30|61|91||"288987361"|"184871240"
30|61|91|183|183|183|"Wet"|"288987361"|"184871241"
0|0|0|30|43|61||"288984760"|"184869131"
30|43|61|183|183|183|"Wet"|"288984760"|"184869132"
51|74|96|183|183|183||"288985720"|"184869875"
0|0|0|46|69|91||"288985720"|"184869876"
46|69|91|51|74|96|"Wet"|"288985720"|"184869877"
0|0|0|30|43|61||"288984822"|"184869171"
30|43|61|183|183|183|"Wet"|"288984822"|"184869172"
0|0|0|30|61|91||"288987350"|"184871230"
30|61|91|183|183|183|"Wet"|"288987350"|"184871231"
0|0|0|15|23|30||"288983293"|"184868547"
15|23|30|183|183|183|"Wet"|"288983293"|"184868548"
0|0|0|0|15|30||"288982494"|"184867990"
0|15|30|183|183|183|"Wet"|"288982494"|"184867991"
0|0|0|46|54|61||"288984686"|"184869069"
46|54|61|183|183|183|"Wet"|"288984686"|"184869070"
0|0|0|0|30|61||"288982461"|"184867956"
0|30|61|183|183|183|"Wet"|"288982461"|"184867957"
0|0|0|30|61|91||"288987314"|"184871184"
30|61|91|183|183|183|"Wet"|"288987314"|"184871185"
15|23|46|183|183|183|"Wet"|"288987229"|"184871111"
0|0|0|15|23|46||"288987229"|"184871110"
0|0|0|15|30|46||"288987366"|"184871244"
20|36|51|183|183|183||"288987366"|"184871246"
15|30|46|20|36|51|"Wet"|"288987366"|"184871245"
0|0|0|46|56|107||"288982472"|"184867968"
46|56|107|183|183|183|"Wet"|"288982472"|"184867969"
0|0|0|30|43|61||"288984833"|"184869183"
30|43|61|183|183|183|"Wet"|"288984833"|"184869184"
46|46|76|51|53|91|"Wet"|"288987126"|"184871041"
0|0|0|46|46|76||"288987126"|"184871040"
51|53|91|183|183|183||"288987126"|"184871042"
0|0|0|46|56|107||"288984797"|"184869151"
46|56|107|183|183|183|"Wet"|"288984797"|"184869152"
0|0|0|15|30|46||"288987377"|"184871259"
20|36|51|183|183|183||"288987377"|"184871261"
15|30|46|20|36|51|"Wet"|"288987377"|"184871260"
51|74|96|183|183|183||"288984031"|"184868790"
0|0|0|46|69|91||"288984031"|"184868791"
46|69|91|51|74|96|"Wet"|"288984031"|"184868792"
15|23|46|183|183|183|"Wet"|"288987085"|"184871023"
0|0|0|15|23|46||"288987085"|"184871022"
0|0|0|30|43|61||"288982483"|"184867978"
30|43|61|183|183|183|"Wet"|"288982483"|"184867979"
15|23|46|183|183|183|"Wet"|"288987089"|"184871027"
0|0|0|15|23|46||"288987089"|"184871026"
0|0|0|200|200|200|"Moist"|"288987181"|"184871079"
0|0|0|46|69|91||"288984993"|"184869279"
46|69|91|183|183|183|"Wet"|"288984993"|"184869280"
51|74|96|183|183|183||"288985954"|"184870142"
0|0|0|46|69|91||"288985954"|"184870143"
46|69|91|51|74|96|"Wet"|"288985954"|"184870144"
15|23|30|183|183|183|"Wet"|"288987273"|"184871133"
0|0|0|15|23|30||"288987273"|"184871132"
0|0|0|46|56|107||"288984664"|"184869049"
46|56|107|183|183|183|"Wet"|"288984664"|"184869050"
46|46|76|51|53|91|"Wet"|"288986986"|"184870958"
51|53|91|183|183|183||"288986986"|"184870959"
0|0|0|46|46|76||"288986986"|"184870960"
0|0|0|30|43|61||"288984823"|"184869173"
30|43|61|183|183|183|"Wet"|"288984823"|"184869174"
46|46|76|51|53|91|"Wet"|"288987060"|"184871005"
51|53|91|183|183|183||"288987060"|"184871006"
0|0|0|46|46|76||"288987060"|"184871007"
0|0|0|30|38|46||"288984141"|"184868882"
30|38|46|183|183|183|"Wet"|"288984141"|"184868883"
0|0|0|15|30|46||"288987284"|"184871144"
20|36|51|183|183|183||"288987284"|"184871146"
15|30|46|20|36|51|"Wet"|"288987284"|"184871145"
0|0|0|183|183|183|"Wet"|"288985725"|"184869883"
0|0|0|30|43|61||"288984693"|"184869077"
30|43|61|183|183|183|"Wet"|"288984693"|"184869078"
0|0|0|200|200|200|"Moist"|"288987255"|"184871125"
0|0|0|46|56|107||"288984786"|"184869141"
46|56|107|183|183|183|"Wet"|"288984786"|"184869142"
0|0|0|30|38|46||"288984042"|"184868808"
30|38|46|183|183|183|"Wet"|"288984042"|"184868809"
0|0|0|0|23|46||"288983546"|"184868687"
0|23|46|183|183|183|"Wet"|"288983546"|"184868688"
0|0|0|46|56|107||"288984796"|"184869149"
46|56|107|183|183|183|"Wet"|"288984796"|"184869150"
0|0|0|46|56|107||"288982470"|"184867964"
46|56|107|183|183|183|"Wet"|"288982470"|"184867965"
0|0|0|200|200|200|"Moist"|"288987247"|"184871117"
0|0|0|30|43|61||"288982533"|"184868036"
30|43|61|183|183|183|"Wet"|"288982533"|"184868037"
0|0|0|15|23|30||"288987318"|"184871186"
15|23|30|183|183|183|"Wet"|"288987318"|"184871187"
0|0|0|46|54|61||"288984738"|"184869113"
46|54|61|183|183|183|"Wet"|"288984738"|"184869114"
0|0|0|0|30|61||"288982459"|"184867952"
0|30|61|183|183|183|"Wet"|"288982459"|"184867953"
0|0|0|200|200|200|"Moist"|"288987111"|"184871037"
51|74|96|183|183|183||"288984130"|"184868869"
0|0|0|46|69|91||"288984130"|"184868870"
46|69|91|51|74|96|"Wet"|"288984130"|"184868871"
0|0|0|46|54|61||"288984818"|"184869169"
46|54|61|183|183|183|"Wet"|"288984818"|"184869170"
0|0|0|0|23|46||"288984982"|"184869261"
0|23|46|183|183|183|"Wet"|"288984982"|"184869262"
0|0|0|0|15|30||"288983557"|"184868699"
0|15|30|183|183|183|"Wet"|"288983557"|"184868700"
0|0|15|183|183|183|"Wet"|"288983304"|"184868561"
15|23|30|183|183|183|"Wet"|"288987270"|"184871129"
0|0|0|15|23|30||"288987270"|"184871128"
0|0|0|15|23|30||"288983286"|"184868539"
15|23|30|183|183|183|"Wet"|"288983286"|"184868540"
0|0|0|200|200|200|"Moist"|"288987112"|"184871038"
46|46|76|51|53|91|"Wet"|"288987063"|"184871012"
0|0|0|46|46|76||"288987063"|"184871011"
51|53|91|183|183|183||"288987063"|"184871013"
0|0|0|0|15|30||"288983552"|"184868693"
0|15|30|183|183|183|"Wet"|"288983552"|"184868694"
0|0|0|46|69|91||"288984801"|"184869157"
46|69|91|183|183|183|"Wet"|"288984801"|"184869158"
0|0|15|183|183|183|"Wet"|"288983308"|"184868565"
0|0|0|46|69|91||"288984126"|"184868857"
51|74|96|183|183|183||"288984126"|"184868859"
46|69|91|51|74|96|"Wet"|"288984126"|"184868858"
0|0|0|46|56|107||"288984788"|"184869145"
46|56|107|183|183|183|"Wet"|"288984788"|"184869146"
0|0|0|200|200|200|"Moist"|"288987185"|"184871083"
15|23|46|183|183|183|"Wet"|"288987154"|"184871062"
0|0|0|15|23|46||"288987154"|"184871063"
0|0|0|30|61|91||"288987344"|"184871222"
30|61|91|183|183|183|"Wet"|"288987344"|"184871223"
0|0|0|0|23|46||"288984975"|"184869253"
0|23|46|183|183|183|"Wet"|"288984975"|"184869254"
15|23|46|183|183|183|"Wet"|"288987015"|"184870981"
0|0|0|15|23|46||"288987015"|"184870980"
46|46|76|51|53|91|"Wet"|"288986919"|"184870924"
0|0|0|46|46|76||"288986919"|"184870923"
51|53|91|183|183|183||"288986919"|"184870925"
0|0|0|15|23|30||"288987320"|"184871188"
15|23|30|183|183|183|"Wet"|"288987320"|"184871189"
15|23|30|183|183|183|"Wet"|"288987279"|"184871141"
0|0|0|15|23|30||"288987279"|"184871140"
51|74|96|183|183|183||"288984136"|"184868872"
0|0|0|46|69|91||"288984136"|"184868873"
46|69|91|51|74|96|"Wet"|"288984136"|"184868874"
0|0|0|15|30|46||"288987331"|"184871205"
20|36|51|183|183|183||"288987331"|"184871207"
15|30|46|20|36|51|"Wet"|"288987331"|"184871206"
0|0|0|46|56|107||"288982480"|"184867972"
46|56|107|183|183|183|"Wet"|"288982480"|"184867973"
0|0|0|0|30|61||"288983526"|"184868663"
0|30|61|183|183|183|"Wet"|"288983526"|"184868664"
0|0|0|46|54|61||"288984746"|"184869119"
46|54|61|183|183|183|"Wet"|"288984746"|"184869120"
0|0|0|200|200|200|"Moist"|"288987102"|"184871028"
0|0|15|183|183|183|"Wet"|"288985038"|"184869333"
30|61|91|183|183|183|"Wet"|"288987300"|"184871171"
0|0|0|30|61|91||"288987300"|"184871170"
0|0|0|200|200|200|"Moist"|"288986956"|"184870950"
0|0|0|15|30|46||"288987333"|"184871211"
20|36|51|183|183|183||"288987333"|"184871213"
15|30|46|20|36|51|"Wet"|"288987333"|"184871212"
0|0|0|200|200|200|"Moist"|"288987175"|"184871073"
0|0|0|30|61|91||"288987394"|"184871280"
30|61|91|183|183|183|"Wet"|"288987394"|"184871281"
15|23|46|183|183|183|"Wet"|"288987011"|"184870977"
0|0|0|15|23|46||"288987011"|"184870976"
0|0|0|30|43|61||"288984694"|"184869079"
30|43|61|183|183|183|"Wet"|"288984694"|"184869080"
15|23|46|183|183|183|"Wet"|"288987008"|"184870972"
0|0|0|15|23|46||"288987008"|"184870973"
0|0|0|0|30|61||"288983537"|"184868675"
0|30|61|183|183|183|"Wet"|"288983537"|"184868676"
46|46|76|51|53|91|"Wet"|"288986982"|"184870953"
0|0|0|46|46|76||"288986982"|"184870952"
51|53|91|183|183|183||"288986982"|"184870954"
0|0|0|46|69|91||"288984997"|"184869283"
46|69|91|183|183|183|"Wet"|"288984997"|"184869284"
0|0|0|30|38|46||"288984147"|"184868890"
30|38|46|183|183|183|"Wet"|"288984147"|"184868891"
15|23|46|183|183|183|"Wet"|"288987227"|"184871109"
0|0|0|15|23|46||"288987227"|"184871108"
46|46|76|51|53|91|"Wet"|"288987206"|"184871097"
0|0|0|46|46|76||"288987206"|"184871096"
51|53|91|183|183|183||"288987206"|"184871098"
0|0|0|183|183|183|"Wet"|"288985729"|"184869886"
0|0|0|30|61|91||"288987309"|"184871178"
30|61|91|183|183|183|"Wet"|"288987309"|"184871179"
15|23|30|183|183|183|"Wet"|"288987280"|"184871143"
0|0|0|15|23|30||"288987280"|"184871142"
15|23|46|183|183|183|"Wet"|"288986945"|"184870939"
0|0|0|15|23|46||"288986945"|"184870938"
0|0|0|30|61|91||"288987313"|"184871182"
30|61|91|183|183|183|"Wet"|"288987313"|"184871183"
0|0|0|200|200|200|"Moist"|"288987174"|"184871072"
0|0|0|46|69|91||"288984030"|"184868787"
51|74|96|183|183|183||"288984030"|"184868789"
46|69|91|51|74|96|"Wet"|"288984030"|"184868788"
0|0|0|61|91|122||"288984766"|"184869139"
61|91|122|183|183|183|"Wet"|"288984766"|"184869140"
15|23|46|183|183|183|"Wet"|"288987080"|"184871016"
0|0|0|15|23|46||"288987080"|"184871017"
0|0|0|30|38|46||"288985705"|"184869854"
30|38|46|183|183|183|"Wet"|"288985705"|"184869855"
0|0|0|15|23|30||"288987322"|"184871192"
15|23|30|183|183|183|"Wet"|"288987322"|"184871193"
0|0|0|0|30|61||"288982458"|"184867950"
0|30|61|183|183|183|"Wet"|"288982458"|"184867951"
0|0|0|30|38|46||"288984051"|"184868820"
30|38|46|183|183|183|"Wet"|"288984051"|"184868821"
15|23|46|183|183|183|"Wet"|"288986934"|"184870927"
0|0|0|15|23|46||"288986934"|"184870926"
0|0|0|200|200|200|"Moist"|"288987037"|"184870991"
0|0|0|200|200|200|"Moist"|"288987248"|"184871118"
0|0|0|46|56|107||"288982521"|"184868024"
46|56|107|183|183|183|"Wet"|"288982521"|"184868025"
0|0|0|0|30|61||"288982469"|"184867962"
0|30|61|183|183|183|"Wet"|"288982469"|"184867963"
0|0|15|183|183|183|"Wet"|"288985049"|"184869344"
0|0|0|30|43|61||"288982532"|"184868034"
30|43|61|183|183|183|"Wet"|"288982532"|"184868035"
0|0|0|61|91|122||"288984705"|"184869087"
61|91|122|183|183|183|"Wet"|"288984705"|"184869088"
0|0|0|200|200|200|"Moist"|"288987184"|"184871082"
0|0|0|30|38|46||"288985707"|"184869858"
30|38|46|183|183|183|"Wet"|"288985707"|"184869859"
0|0|0|46|69|91||"288984726"|"184869103"
46|69|91|183|183|183|"Wet"|"288984726"|"184869104"
0|0|0|30|61|91||"288987385"|"184871270"
30|61|91|183|183|183|"Wet"|"288987385"|"184871271"
0|0|0|15|23|30||"288985053"|"184869349"
15|23|30|183|183|183|"Wet"|"288985053"|"184869350"
0|0|0|46|54|61||"288984685"|"184869067"
46|54|61|183|183|183|"Wet"|"288984685"|"184869068"
15|23|46|183|183|183|"Wet"|"288986941"|"184870935"
0|0|0|15|23|46||"288986941"|"184870934"
51|74|96|183|183|183||"288984040"|"184868802"
0|0|0|46|69|91||"288984040"|"184868803"
46|69|91|51|74|96|"Wet"|"288984040"|"184868804"
0|0|0|30|38|46||"288985706"|"184869856"
30|38|46|183|183|183|"Wet"|"288985706"|"184869857"
0|0|0|46|69|91||"288984990"|"184869275"
46|69|91|183|183|183|"Wet"|"288984990"|"184869276"
15|23|46|183|183|183|"Wet"|"288987082"|"184871018"
0|0|0|15|23|46||"288987082"|"184871019"
46|46|76|51|53|91|"Wet"|"288987056"|"184870999"
51|53|91|183|183|183||"288987056"|"184871000"
0|0|0|46|46|76||"288987056"|"184871001"
0|0|0|0|30|61||"288982506"|"184868004"
0|30|61|183|183|183|"Wet"|"288982506"|"184868005"
46|46|76|51|53|91|"Wet"|"288987204"|"184871093"
51|53|91|183|183|183||"288987204"|"184871094"
0|0|0|46|46|76||"288987204"|"184871095"
0|0|0|0|23|46||"288985064"|"184869363"
0|23|46|183|183|183|"Wet"|"288985064"|"184869364"
0|0|0|0|23|46||"288984979"|"184869255"
0|23|46|183|183|183|"Wet"|"288984979"|"184869256"
51|74|96|183|183|183||"288985951"|"184870133"
0|0|0|46|69|91||"288985951"|"184870134"
46|69|91|51|74|96|"Wet"|"288985951"|"184870135"
20|36|51|183|183|183||"288987332"|"184871208"
0|0|0|15|30|46||"288987332"|"184871209"
15|30|46|20|36|51|"Wet"|"288987332"|"184871210"
0|0|0|30|38|46||"288984050"|"184868818"
30|38|46|183|183|183|"Wet"|"288984050"|"184868819"
0|0|0|46|56|107||"288982473"|"184867970"
46|56|107|183|183|183|"Wet"|"288982473"|"184867971"
0|0|0|200|200|200|"Moist"|"288986952"|"184870946"
0|0|0|200|200|200|"Moist"|"288987176"|"184871074"
0|0|0|30|43|61||"288982484"|"184867980"
30|43|61|183|183|183|"Wet"|"288982484"|"184867981"
0|0|0|200|200|200|"Moist"|"288987250"|"184871120"
0|0|0|30|38|46||"288984140"|"184868880"
30|38|46|183|183|183|"Wet"|"288984140"|"184868881"
0|0|0|46|56|107||"288984789"|"184869147"
46|56|107|183|183|183|"Wet"|"288984789"|"184869148"
0|0|0|0|30|61||"288982510"|"184868012"
0|30|61|183|183|183|"Wet"|"288982510"|"184868013"
0|0|15|183|183|183|"Wet"|"288983301"|"184868558"
0|0|0|30|61|91||"288987342"|"184871220"
30|61|91|183|183|183|"Wet"|"288987342"|"184871221"
0|0|0|30|38|46||"288984049"|"184868816"
30|38|46|183|183|183|"Wet"|"288984049"|"184868817"
0|0|0|0|23|46||"288985071"|"184869373"
0|23|46|183|183|183|"Wet"|"288985071"|"184869374"
0|0|15|183|183|183|"Wet"|"288985042"|"184869337"
46|46|76|51|53|91|"Wet"|"288986916"|"184870917"
51|53|91|183|183|183||"288986916"|"184870918"
0|0|0|46|46|76||"288986916"|"184870919"
46|46|76|51|53|91|"Wet"|"288987132"|"184871049"
51|53|91|183|183|183||"288987132"|"184871050"
0|0|0|46|46|76||"288987132"|"184871051"
15|23|46|183|183|183|"Wet"|"288987078"|"184871015"
0|0|0|15|23|46||"288987078"|"184871014"
0|0|0|46|54|61||"288984810"|"184869163"
46|54|61|183|183|183|"Wet"|"288984810"|"184869164"
0|0|0|0|30|61||"288982517"|"184868016"
0|30|61|183|183|183|"Wet"|"288982517"|"184868017"
0|0|0|0|23|46||"288984968"|"184869243"
0|23|46|183|183|183|"Wet"|"288984968"|"184869244"
46|46|76|51|53|91|"Wet"|"288987134"|"184871053"
0|0|0|46|46|76||"288987134"|"184871052"
51|53|91|183|183|183||"288987134"|"184871054"
0|0|0|0|30|61||"288982462"|"184867958"
0|30|61|183|183|183|"Wet"|"288982462"|"184867959"
0|0|0|46|56|107||"288984716"|"184869095"
46|56|107|183|183|183|"Wet"|"288984716"|"184869096"
15|23|30|183|183|183|"Wet"|"288987278"|"184871139"
0|0|0|15|23|30||"288987278"|"184871138"
0|0|0|200|200|200|"Moist"|"288987030"|"184870984"
51|74|96|183|183|183||"288984129"|"184868866"
0|0|0|46|69|91||"288984129"|"184868867"
46|69|91|51|74|96|"Wet"|"288984129"|"184868868"
0|0|0|0|23|46||"288983570"|"184868715"
0|23|46|183|183|183|"Wet"|"288983570"|"184868716"
15|23|46|183|183|183|"Wet"|"288987226"|"184871106"
0|0|0|15|23|46||"288987226"|"184871107"
0|0|0|200|200|200|"Moist"|"288987041"|"184870995"
0|0|0|61|91|122||"288984704"|"184869085"
61|91|122|183|183|183|"Wet"|"288984704"|"184869086"
0|0|0|15|30|46||"288987289"|"184871159"
20|36|51|183|183|183||"288987289"|"184871161"
15|30|46|20|36|51|"Wet"|"288987289"|"184871160"
0|0|0|200|200|200|"Moist"|"288987110"|"184871036"
0|0|0|15|23|30||"288983290"|"184868545"
15|23|30|183|183|183|"Wet"|"288983290"|"184868546"
0|0|0|46|56|107||"288984725"|"184869101"
46|56|107|183|183|183|"Wet"|"288984725"|"184869102"
0|0|0|46|69|91||"288984994"|"184869281"
46|69|91|183|183|183|"Wet"|"288984994"|"184869282"
0|0|0|0|15|30||"288983559"|"184868703"
0|15|30|183|183|183|"Wet"|"288983559"|"184868704"
0|0|0|46|56|107||"288984654"|"184869041"
46|56|107|183|183|183|"Wet"|"288984654"|"184869042"
0|0|0|46|56|107||"288984715"|"184869093"
46|56|107|183|183|183|"Wet"|"288984715"|"184869094"
0|0|0|30|61|91||"288987354"|"184871232"
30|61|91|183|183|183|"Wet"|"288987354"|"184871233"
0|0|0|46|69|91||"288984800"|"184869155"
46|69|91|183|183|183|"Wet"|"288984800"|"184869156"
0|0|0|15|23|30||"288985060"|"184869359"
15|23|30|183|183|183|"Wet"|"288985060"|"184869360"
